-1.000000000000000000e+00 -1.000000000000000000e+00
0.000000000000000000e+00 -1.000000000000000000e+00
1.000000000000000000e+00 -1.000000000000000000e+00
1.000000000000000000e+00 0.000000000000000000e+00
0.000000000000000000e+00 0.000000000000000000e+00
0.000000000000000000e+00 1.000000000000000000e+00
-1.000000000000000000e+00 1.000000000000000000e+00
-1.000000000000000000e+00 0.000000000000000000e+00
-8.999999999902420500e-01 -9.999999999999998890e-01
-7.999999996725709606e-01 -9.999999999999998890e-01
-6.999999992594897469e-01 -1.000000000000000000e+00
-5.999999989201344475e-01 -9.999999999999997780e-01
-4.999999987585881933e-01 -9.999999999999998890e-01
-3.999999990393965921e-01 -1.000000000000000000e+00
-2.999999992031112117e-01 -1.000000000000000000e+00
-1.999999995663190866e-01 -1.000000000000000000e+00
-9.999999986013807796e-02 -1.000000000000000000e+00
1.000000001176152009e-01 -1.000000000000000000e+00
2.000000002504324081e-01 -1.000000000000000000e+00
3.000000005279904736e-01 -1.000000000000000000e+00
4.000000008022960851e-01 -1.000000000000000000e+00
5.000000010462442024e-01 -1.000000000000000000e+00
6.000000006288283005e-01 -1.000000000000000000e+00
7.000000001094979218e-01 -1.000000000000000000e+00
7.999999997246081129e-01 -9.999999999999998890e-01
8.999999997213576908e-01 -9.999999999999998890e-01
9.999999999999998890e-01 -8.999999999902420500e-01
9.999999999999998890e-01 -7.999999996725709606e-01
1.000000000000000000e+00 -6.999999992594897469e-01
9.999999999999997780e-01 -5.999999989201344475e-01
9.999999999999998890e-01 -4.999999987585881933e-01
1.000000000000000000e+00 -3.999999990393965921e-01
1.000000000000000000e+00 -2.999999992031112117e-01
1.000000000000000000e+00 -1.999999995663190866e-01
1.000000000000000000e+00 -9.999999986013807796e-02
8.999999999902420500e-01 0.000000000000000000e+00
7.999999996725709606e-01 0.000000000000000000e+00
6.999999992594897469e-01 0.000000000000000000e+00
5.999999989201344475e-01 0.000000000000000000e+00
4.999999987585881933e-01 0.000000000000000000e+00
3.999999990393965921e-01 0.000000000000000000e+00
2.999999992031112117e-01 0.000000000000000000e+00
1.999999995663190866e-01 0.000000000000000000e+00
9.999999986013807796e-02 0.000000000000000000e+00
0.000000000000000000e+00 1.000000001176152009e-01
0.000000000000000000e+00 2.000000002504324081e-01
0.000000000000000000e+00 3.000000005279904736e-01
0.000000000000000000e+00 4.000000008022960851e-01
0.000000000000000000e+00 5.000000010462442024e-01
0.000000000000000000e+00 6.000000006288283005e-01
0.000000000000000000e+00 7.000000001094979218e-01
0.000000000000000000e+00 7.999999997246081129e-01
0.000000000000000000e+00 8.999999997213576908e-01
-1.000000001176152009e-01 1.000000000000000000e+00
-2.000000002504324081e-01 1.000000000000000000e+00
-3.000000005279904736e-01 1.000000000000000000e+00
-4.000000008022960851e-01 1.000000000000000000e+00
-5.000000010462442024e-01 1.000000000000000000e+00
-6.000000006288283005e-01 1.000000000000000000e+00
-7.000000001094979218e-01 1.000000000000000000e+00
-7.999999997246081129e-01 9.999999999999998890e-01
-8.999999997213576908e-01 9.999999999999998890e-01
-9.999999999999998890e-01 8.999999999902420500e-01
-9.999999999999998890e-01 7.999999996725709606e-01
-1.000000000000000000e+00 6.999999992594897469e-01
-9.999999999999997780e-01 5.999999989201344475e-01
-9.999999999999998890e-01 4.999999987585881933e-01
-1.000000000000000000e+00 3.999999990393965921e-01
-1.000000000000000000e+00 2.999999992031112117e-01
-1.000000000000000000e+00 1.999999995663190866e-01
-1.000000000000000000e+00 9.999999986013807796e-02
-1.000000000000000000e+00 -1.000000001176152009e-01
-1.000000000000000000e+00 -2.000000002504324081e-01
-1.000000000000000000e+00 -3.000000005279904736e-01
-1.000000000000000000e+00 -4.000000008022960851e-01
-1.000000000000000000e+00 -5.000000010462442024e-01
-1.000000000000000000e+00 -6.000000006288283005e-01
-1.000000000000000000e+00 -7.000000001094979218e-01
-9.999999999999998890e-01 -7.999999997246081129e-01
-9.999999999999998890e-01 -8.999999997213576908e-01
0.000000000000000000e+00 -8.999999999902420500e-01
0.000000000000000000e+00 -7.999999996725709606e-01
0.000000000000000000e+00 -6.999999992594897469e-01
0.000000000000000000e+00 -5.999999989201344475e-01
0.000000000000000000e+00 -4.999999987585881933e-01
0.000000000000000000e+00 -3.999999990393965921e-01
0.000000000000000000e+00 -2.999999992031112117e-01
0.000000000000000000e+00 -1.999999995663190866e-01
0.000000000000000000e+00 -9.999999986013807796e-02
-1.000000001176152009e-01 0.000000000000000000e+00
-2.000000002504324081e-01 0.000000000000000000e+00
-3.000000005279904736e-01 0.000000000000000000e+00
-4.000000008022960851e-01 0.000000000000000000e+00
-5.000000010462442024e-01 0.000000000000000000e+00
-6.000000006288283005e-01 0.000000000000000000e+00
-7.000000001094979218e-01 0.000000000000000000e+00
-7.999999997246081129e-01 0.000000000000000000e+00
-8.999999997213576908e-01 0.000000000000000000e+00
-8.999999999633533365e-01 -8.999999997482461822e-01
-8.999999999364655112e-01 -7.999999997194041645e-01
-8.999999999095769088e-01 -7.000000000244973597e-01
-8.999999998826884173e-01 -6.000000004579587598e-01
-8.999999998558001479e-01 -5.000000008174784183e-01
-8.999999998289114345e-01 -4.000000006260063246e-01
-8.999999998020232761e-01 -3.000000003955026195e-01
-8.999999997751343406e-01 -2.000000001820209095e-01
-8.999999997482461822e-01 -1.000000000918676024e-01
-7.999999996777745759e-01 -8.999999997751343406e-01
-7.999999996829783022e-01 -7.999999997142004382e-01
-7.999999996881819175e-01 -6.999999999394962424e-01
-7.999999996933857549e-01 -6.000000002870895521e-01
-7.999999996985892592e-01 -5.000000005887128562e-01
-7.999999997037934296e-01 -4.000000004497162864e-01
-7.999999997089969339e-01 -3.000000002630144880e-01
-7.999999997142004382e-01 -2.000000001136099104e-01
-7.999999997194042756e-01 -1.000000000661196015e-01
-6.999999993444905311e-01 -8.999999998020231651e-01
-6.999999994294914263e-01 -7.999999997089969339e-01
-6.999999995144920995e-01 -6.999999998544954583e-01
-6.999999995994929947e-01 -6.000000001162202334e-01
-6.999999996844938899e-01 -5.000000003599470721e-01
-6.999999997694945630e-01 -4.000000002734263038e-01
-6.999999998544954583e-01 -3.000000001305266895e-01
-6.999999999394963535e-01 -2.000000000451981896e-01
-7.000000000244970266e-01 -1.000000000403720030e-01
-5.999999990910038772e-01 -8.999999998289114345e-01
-5.999999992618731959e-01 -7.999999997037932076e-01
-5.999999994327428476e-01 -6.999999997694945630e-01
-5.999999996036120553e-01 -5.999999999453510258e-01
-5.999999997744813740e-01 -5.000000001311817321e-01
-5.999999999453509147e-01 -4.000000000971363767e-01
-6.000000001162202334e-01 -2.999999999980387244e-01
-6.000000002870895521e-01 -1.999999999767869963e-01
-6.000000004579590929e-01 -1.000000000146240992e-01
-4.999999989873539219e-01 -8.999999998558001479e-01
-4.999999992161193729e-01 -7.999999996985892592e-01
-4.999999994448851015e-01 -6.999999996844938899e-01
-4.999999996736504970e-01 -5.999999997744813740e-01
-4.999999999024162256e-01 -4.999999999024162256e-01
-5.000000001311818432e-01 -3.999999999208462831e-01
-5.000000003599470721e-01 -2.999999998655509259e-01
-5.000000005887128562e-01 -1.999999999083756919e-01
-5.000000008174785293e-01 -9.999999998887665331e-02
-3.999999992156861861e-01 -8.999999998826884173e-01
-3.999999993919765018e-01 -7.999999996933857549e-01
-3.999999995682663734e-01 -6.999999995994929947e-01
-3.999999997445561895e-01 -5.999999996036120553e-01
-3.999999999208462831e-01 -4.999999996736504970e-01
-4.000000000971364877e-01 -3.999999997445564115e-01
-4.000000002734263038e-01 -2.999999997330627943e-01
-4.000000004497161754e-01 -1.999999998399643875e-01
-4.000000006260063246e-01 -9.999999996312877726e-02
-2.999999993355990102e-01 -8.999999999095769088e-01
-2.999999994680874194e-01 -7.999999996881821396e-01
-2.999999996005749958e-01 -6.999999995144920995e-01
-2.999999997330629053e-01 -5.999999994327428476e-01
-2.999999998655507039e-01 -4.999999994448849905e-01
-2.999999999980387799e-01 -3.999999995682665954e-01
-3.000000001305266895e-01 -2.999999996005751068e-01
-3.000000002630144880e-01 -1.999999997715531941e-01
-3.000000003955026195e-01 -9.999999993738109549e-02
-1.999999996347303910e-01 -8.999999999364652892e-01
-1.999999997031418064e-01 -7.999999996829783022e-01
-1.999999997715528888e-01 -6.999999994294914263e-01
-1.999999998399641932e-01 -5.999999992618731959e-01
-1.999999999083756919e-01 -4.999999992161193729e-01
-1.999999999767869963e-01 -3.999999993919766128e-01
-2.000000000451984117e-01 -2.999999994680869198e-01
-2.000000001136097993e-01 -1.999999997031416121e-01
-2.000000001820207984e-01 -9.999999991163366353e-02
-9.999999988588592625e-02 -8.999999999633536696e-01
-9.999999991163364965e-02 -7.999999996777749089e-01
-9.999999993738113713e-02 -6.999999993444905311e-01
-9.999999996312874950e-02 -5.999999990910038772e-01
-9.999999998887665331e-02 -4.999999989873539219e-01
-1.000000000146240992e-01 -3.999999992156862971e-01
-1.000000000403716977e-01 -2.999999993355991212e-01
-1.000000000661196986e-01 -1.999999996347303910e-01
-1.000000000918675053e-01 -9.999999988588548216e-02
1.000000000918675053e-01 -8.999999999902419390e-01
1.000000000661197957e-01 -7.999999996725708495e-01
1.000000000403720030e-01 -6.999999992594897469e-01
1.000000000146241963e-01 -5.999999989201342254e-01
9.999999998887668107e-02 -4.999999987585881933e-01
9.999999996312886053e-02 -3.999999990393964810e-01
9.999999993738112325e-02 -2.999999992031112117e-01
9.999999991163366353e-02 -1.999999995663190866e-01
9.999999988588556543e-02 -9.999999986013796693e-02
2.000000001820209927e-01 -8.999999999902421610e-01
2.000000001136096883e-01 -7.999999996725712936e-01
2.000000000451984117e-01 -6.999999992594896359e-01
1.999999999767869963e-01 -5.999999989201344475e-01
1.999999999083756919e-01 -4.999999987585883043e-01
1.999999998399643875e-01 -3.999999990393964255e-01
1.999999997715531108e-01 -2.999999992031112117e-01
1.999999997031418064e-01 -1.999999995663190866e-01
1.999999996347303910e-01 -9.999999986013806408e-02
3.000000003955026195e-01 -8.999999999902419390e-01
3.000000002630147100e-01 -7.999999996725708495e-01
3.000000001305266895e-01 -6.999999992594897469e-01
2.999999999980387244e-01 -5.999999989201342254e-01
2.999999998655508149e-01 -4.999999987585880823e-01
2.999999997330629053e-01 -3.999999990393964810e-01
2.999999996005749958e-01 -2.999999992031109897e-01
2.999999994680869198e-01 -1.999999995663191976e-01
2.999999993355992878e-01 -9.999999986013807796e-02
4.000000006260062135e-01 -8.999999999902418280e-01
4.000000004497161754e-01 -7.999999996725708495e-01
4.000000002734264148e-01 -6.999999992594897469e-01
4.000000000971362102e-01 -5.999999989201344475e-01
3.999999999208465051e-01 -4.999999987585881933e-01
3.999999997445564115e-01 -3.999999990393964810e-01
3.999999995682664844e-01 -2.999999992031112117e-01
3.999999993919765018e-01 -1.999999995663190866e-01
3.999999992156865747e-01 -9.999999986013807796e-02
5.000000008174784183e-01 -8.999999999902421610e-01
5.000000005887127452e-01 -7.999999996725708495e-01
5.000000003599475162e-01 -6.999999992594899689e-01
5.000000001311816211e-01 -5.999999989201344475e-01
4.999999999024161146e-01 -4.999999987585880823e-01
4.999999996736506080e-01 -3.999999990393964810e-01
4.999999994448849905e-01 -2.999999992031112117e-01
4.999999992161193729e-01 -1.999999995663190866e-01
4.999999989873539219e-01 -9.999999986013805020e-02
6.000000004579586488e-01 -8.999999999902421610e-01
6.000000002870895521e-01 -7.999999996725708495e-01
6.000000001162204555e-01 -6.999999992594897469e-01
5.999999999453506927e-01 -5.999999989201342254e-01
5.999999997744813740e-01 -4.999999987585880823e-01
5.999999996036120553e-01 -3.999999990393964810e-01
5.999999994327427366e-01 -2.999999992031112117e-01
5.999999992618731959e-01 -1.999999995663190866e-01
5.999999990910038772e-01 -9.999999986013807796e-02
7.000000000244970266e-01 -8.999999999902421610e-01
6.999999999394961314e-01 -7.999999996725708495e-01
6.999999998544956803e-01 -6.999999992594897469e-01
6.999999997694945630e-01 -5.999999989201344475e-01
6.999999996844938899e-01 -4.999999987585884154e-01
6.999999995994929947e-01 -3.999999990393964810e-01
6.999999995144920995e-01 -2.999999992031112117e-01
6.999999994294914263e-01 -1.999999995663190866e-01
6.999999993444907531e-01 -9.999999986013807796e-02
7.999999997194042756e-01 -8.999999999902421610e-01
7.999999997142004382e-01 -7.999999996725708495e-01
7.999999997089970449e-01 -6.999999992594897469e-01
7.999999997037927635e-01 -5.999999989201344475e-01
7.999999996985893702e-01 -4.999999987585881933e-01
7.999999996933857549e-01 -3.999999990393964810e-01
7.999999996881819175e-01 -2.999999992031112117e-01
7.999999996829783022e-01 -1.999999995663190866e-01
7.999999996777746869e-01 -9.999999986013807796e-02
8.999999997482461822e-01 -8.999999999902419390e-01
8.999999997751344516e-01 -7.999999996725712936e-01
8.999999998020231651e-01 -6.999999992594897469e-01
8.999999998289112124e-01 -5.999999989201344475e-01
8.999999998557997039e-01 -4.999999987585880823e-01
8.999999998826881953e-01 -3.999999990393964810e-01
8.999999999095769088e-01 -2.999999992031113227e-01
8.999999999364651782e-01 -1.999999995663191976e-01
8.999999999633536696e-01 -9.999999986013807796e-02
-1.000000001176148956e-01 1.000000000918673942e-01
-2.000000002504324081e-01 1.000000000661197957e-01
-3.000000005279904736e-01 1.000000000403720030e-01
-4.000000008022959741e-01 1.000000000146242934e-01
-5.000000010462443134e-01 9.999999998887668107e-02
-6.000000006288281895e-01 9.999999996312886053e-02
-7.000000001094979218e-01 9.999999993738112325e-02
-7.999999997246083350e-01 9.999999991163363577e-02
-8.999999997213574687e-01 9.999999988588553768e-02
-1.000000001176151038e-01 2.000000001820209927e-01
-2.000000002504324081e-01 2.000000001136096883e-01
-3.000000005279904736e-01 2.000000000451984117e-01
-4.000000008022960851e-01 1.999999999767871073e-01
-5.000000010462439803e-01 1.999999999083756919e-01
-6.000000006288284116e-01 1.999999998399643042e-01
-7.000000001094979218e-01 1.999999997715531108e-01
-7.999999997246081129e-01 1.999999997031418064e-01
-8.999999997213580238e-01 1.999999996347303910e-01
-1.000000001176150066e-01 3.000000003955026751e-01
-2.000000002504324081e-01 3.000000002630147100e-01
-3.000000005279904736e-01 3.000000001305266895e-01
-4.000000008022960851e-01 2.999999999980387799e-01
-5.000000010462440914e-01 2.999999998655508149e-01
-6.000000006288284116e-01 2.999999997330629053e-01
-7.000000001094976998e-01 2.999999996005749958e-01
-7.999999997246081129e-01 2.999999994680869198e-01
-8.999999997213576908e-01 2.999999993355991768e-01
-1.000000001176151038e-01 4.000000006260061025e-01
-2.000000002504322971e-01 4.000000004497163975e-01
-3.000000005279903070e-01 4.000000002734260818e-01
-4.000000008022960851e-01 4.000000000971363212e-01
-5.000000010462440914e-01 3.999999999208466162e-01
-6.000000006288281895e-01 3.999999997445563005e-01
-7.000000001094979218e-01 3.999999995682663734e-01
-7.999999997246078909e-01 3.999999993919765018e-01
-8.999999997213576908e-01 3.999999992156865192e-01
-1.000000001176150066e-01 5.000000008174787514e-01
-2.000000002504322971e-01 5.000000005887128562e-01
-3.000000005279904736e-01 5.000000003599472942e-01
-4.000000008022960851e-01 5.000000001311818432e-01
-5.000000010462440914e-01 4.999999999024162256e-01
-6.000000006288281895e-01 4.999999996736504970e-01
-7.000000001094979218e-01 4.999999994448849905e-01
-7.999999997246081129e-01 4.999999992161193729e-01
-8.999999997213579128e-01 4.999999989873539219e-01
-1.000000001176148956e-01 6.000000004579589818e-01
-2.000000002504322971e-01 6.000000002870895521e-01
-3.000000005279904736e-01 6.000000001162202334e-01
-4.000000008022960851e-01 5.999999999453509147e-01
-5.000000010462443134e-01 5.999999997744813740e-01
-6.000000006288284116e-01 5.999999996036120553e-01
-7.000000001094979218e-01 5.999999994327427366e-01
-7.999999997246081129e-01 5.999999992618731959e-01
-8.999999997213576908e-01 5.999999990910038772e-01
-1.000000001176151038e-01 7.000000000244972487e-01
-2.000000002504322971e-01 6.999999999394963535e-01
-3.000000005279904736e-01 6.999999998544954583e-01
-4.000000008022960851e-01 6.999999997694947851e-01
-5.000000010462440914e-01 6.999999996844938899e-01
-6.000000006288284116e-01 6.999999995994929947e-01
-7.000000001094979218e-01 6.999999995144920995e-01
-7.999999997246081129e-01 6.999999994294914263e-01
-8.999999997213576908e-01 6.999999993444905311e-01
-1.000000001176150066e-01 7.999999997194044976e-01
-2.000000002504322971e-01 7.999999997142006603e-01
-3.000000005279904181e-01 7.999999997089968229e-01
-4.000000008022963072e-01 7.999999997037932076e-01
-5.000000010462440914e-01 7.999999996985898143e-01
-6.000000006288284116e-01 7.999999996933857549e-01
-7.000000001094979218e-01 7.999999996881819175e-01
-7.999999997246081129e-01 7.999999996829783022e-01
-8.999999997213576908e-01 7.999999996777746869e-01
-1.000000001176150066e-01 8.999999997482461822e-01
-2.000000002504322971e-01 8.999999997751348957e-01
-3.000000005279904736e-01 8.999999998020229430e-01
-4.000000008022960851e-01 8.999999998289114345e-01
-5.000000010462443134e-01 8.999999998558001479e-01
-6.000000006288284116e-01 8.999999998826881953e-01
-7.000000001094979218e-01 8.999999999095769088e-01
-7.999999997246081129e-01 8.999999999364651782e-01
-8.999999997213576908e-01 8.999999999633538916e-01
