0 8 98 79
79 98 99 78
78 99 100 77
77 100 101 76
76 101 102 75
75 102 103 74
74 103 104 73
73 104 105 72
72 105 106 71
71 106 97 7
8 9 107 98
98 107 108 99
99 108 109 100
100 109 110 101
101 110 111 102
102 111 112 103
103 112 113 104
104 113 114 105
105 114 115 106
106 115 96 97
9 10 116 107
107 116 117 108
108 117 118 109
109 118 119 110
110 119 120 111
111 120 121 112
112 121 122 113
113 122 123 114
114 123 124 115
115 124 95 96
10 11 125 116
116 125 126 117
117 126 127 118
118 127 128 119
119 128 129 120
120 129 130 121
121 130 131 122
122 131 132 123
123 132 133 124
124 133 94 95
11 12 134 125
125 134 135 126
126 135 136 127
127 136 137 128
128 137 138 129
129 138 139 130
130 139 140 131
131 140 141 132
132 141 142 133
133 142 93 94
12 13 143 134
134 143 144 135
135 144 145 136
136 145 146 137
137 146 147 138
138 147 148 139
139 148 149 140
140 149 150 141
141 150 151 142
142 151 92 93
13 14 152 143
143 152 153 144
144 153 154 145
145 154 155 146
146 155 156 147
147 156 157 148
148 157 158 149
149 158 159 150
150 159 160 151
151 160 91 92
14 15 161 152
152 161 162 153
153 162 163 154
154 163 164 155
155 164 165 156
156 165 166 157
157 166 167 158
158 167 168 159
159 168 169 160
160 169 90 91
15 16 170 161
161 170 171 162
162 171 172 163
163 172 173 164
164 173 174 165
165 174 175 166
166 175 176 167
167 176 177 168
168 177 178 169
169 178 89 90
16 1 80 170
170 80 81 171
171 81 82 172
172 82 83 173
173 83 84 174
174 84 85 175
175 85 86 176
176 86 87 177
177 87 88 178
178 88 4 89
1 17 179 80
80 179 180 81
81 180 181 82
82 181 182 83
83 182 183 84
84 183 184 85
85 184 185 86
86 185 186 87
87 186 187 88
88 187 43 4
17 18 188 179
179 188 189 180
180 189 190 181
181 190 191 182
182 191 192 183
183 192 193 184
184 193 194 185
185 194 195 186
186 195 196 187
187 196 42 43
18 19 197 188
188 197 198 189
189 198 199 190
190 199 200 191
191 200 201 192
192 201 202 193
193 202 203 194
194 203 204 195
195 204 205 196
196 205 41 42
19 20 206 197
197 206 207 198
198 207 208 199
199 208 209 200
200 209 210 201
201 210 211 202
202 211 212 203
203 212 213 204
204 213 214 205
205 214 40 41
20 21 215 206
206 215 216 207
207 216 217 208
208 217 218 209
209 218 219 210
210 219 220 211
211 220 221 212
212 221 222 213
213 222 223 214
214 223 39 40
21 22 224 215
215 224 225 216
216 225 226 217
217 226 227 218
218 227 228 219
219 228 229 220
220 229 230 221
221 230 231 222
222 231 232 223
223 232 38 39
22 23 233 224
224 233 234 225
225 234 235 226
226 235 236 227
227 236 237 228
228 237 238 229
229 238 239 230
230 239 240 231
231 240 241 232
232 241 37 38
23 24 242 233
233 242 243 234
234 243 244 235
235 244 245 236
236 245 246 237
237 246 247 238
238 247 248 239
239 248 249 240
240 249 250 241
241 250 36 37
24 25 251 242
242 251 252 243
243 252 253 244
244 253 254 245
245 254 255 246
246 255 256 247
247 256 257 248
248 257 258 249
249 258 259 250
250 259 35 36
25 2 26 251
251 26 27 252
252 27 28 253
253 28 29 254
254 29 30 255
255 30 31 256
256 31 32 257
257 32 33 258
258 33 34 259
259 34 3 35
4 44 260 89
89 260 261 90
90 261 262 91
91 262 263 92
92 263 264 93
93 264 265 94
94 265 266 95
95 266 267 96
96 267 268 97
97 268 70 7
44 45 269 260
260 269 270 261
261 270 271 262
262 271 272 263
263 272 273 264
264 273 274 265
265 274 275 266
266 275 276 267
267 276 277 268
268 277 69 70
45 46 278 269
269 278 279 270
270 279 280 271
271 280 281 272
272 281 282 273
273 282 283 274
274 283 284 275
275 284 285 276
276 285 286 277
277 286 68 69
46 47 287 278
278 287 288 279
279 288 289 280
280 289 290 281
281 290 291 282
282 291 292 283
283 292 293 284
284 293 294 285
285 294 295 286
286 295 67 68
47 48 296 287
287 296 297 288
288 297 298 289
289 298 299 290
290 299 300 291
291 300 301 292
292 301 302 293
293 302 303 294
294 303 304 295
295 304 66 67
48 49 305 296
296 305 306 297
297 306 307 298
298 307 308 299
299 308 309 300
300 309 310 301
301 310 311 302
302 311 312 303
303 312 313 304
304 313 65 66
49 50 314 305
305 314 315 306
306 315 316 307
307 316 317 308
308 317 318 309
309 318 319 310
310 319 320 311
311 320 321 312
312 321 322 313
313 322 64 65
50 51 323 314
314 323 324 315
315 324 325 316
316 325 326 317
317 326 327 318
318 327 328 319
319 328 329 320
320 329 330 321
321 330 331 322
322 331 63 64
51 52 332 323
323 332 333 324
324 333 334 325
325 334 335 326
326 335 336 327
327 336 337 328
328 337 338 329
329 338 339 330
330 339 340 331
331 340 62 63
52 5 53 332
332 53 54 333
333 54 55 334
334 55 56 335
335 56 57 336
336 57 58 337
337 58 59 338
338 59 60 339
339 60 61 340
340 61 6 62
