-1.000000000000000000e+00 -1.000000000000000000e+00
1.000000000000000000e+00 -1.000000000000000000e+00
1.000000000000000000e+00 1.000000000000000000e+00
-1.000000000000000000e+00 1.000000000000000000e+00
-7.999999997072652080e-01 -9.999999999999998890e-01
-5.999999992627422785e-01 -1.000000000000000000e+00
-3.999999986382419270e-01 -1.000000000000000000e+00
-1.999999981286668116e-01 -1.000000000000000000e+00
2.379824060039226197e-09 -9.999999999999997780e-01
2.000000016859350138e-01 -1.000000000000000000e+00
4.000000009779515198e-01 -1.000000000000000000e+00
6.000000003686292160e-01 -1.000000000000000000e+00
7.999999999024216546e-01 -1.000000000000000000e+00
9.999999999999998890e-01 -7.999999997072652080e-01
1.000000000000000000e+00 -5.999999992627422785e-01
1.000000000000000000e+00 -3.999999986382419270e-01
1.000000000000000000e+00 -1.999999981286668116e-01
9.999999999999997780e-01 2.379824060039226197e-09
1.000000000000000000e+00 2.000000016859350138e-01
1.000000000000000000e+00 4.000000009779515198e-01
1.000000000000000000e+00 6.000000003686292160e-01
1.000000000000000000e+00 7.999999999024216546e-01
7.999999997072652080e-01 9.999999999999998890e-01
5.999999992627422785e-01 1.000000000000000000e+00
3.999999986382419270e-01 1.000000000000000000e+00
1.999999981286668116e-01 1.000000000000000000e+00
-2.379824060039226197e-09 9.999999999999997780e-01
-2.000000016859350138e-01 1.000000000000000000e+00
-4.000000009779515198e-01 1.000000000000000000e+00
-6.000000003686292160e-01 1.000000000000000000e+00
-7.999999999024216546e-01 1.000000000000000000e+00
-9.999999999999998890e-01 7.999999997072652080e-01
-1.000000000000000000e+00 5.999999992627422785e-01
-1.000000000000000000e+00 3.999999986382419270e-01
-1.000000000000000000e+00 1.999999981286668116e-01
-9.999999999999997780e-01 -2.379824060039226197e-09
-1.000000000000000000e+00 -2.000000016859350138e-01
-1.000000000000000000e+00 -4.000000009779515198e-01
-1.000000000000000000e+00 -6.000000003686292160e-01
-1.000000000000000000e+00 -7.999999999024216546e-01
8.194155082683967084e-01 -5.896488279339787836e-02
-2.213675039877065903e-02 -8.320891459703874116e-01
-7.906016429418363245e-01 1.254338092969360108e-01
5.468173270019025672e-02 8.440004969633432275e-01
2.940741269812254810e-01 -8.403501764879726110e-01
7.741161955796869165e-01 3.375169702290117257e-01
-3.359955634811878089e-01 8.492697418244568031e-01
-8.152797355536813839e-01 -2.456451805752377093e-01
-4.202849895261500102e-01 -8.255678764503480149e-01
8.173228704787914856e-01 -4.373803477130803752e-01
4.460616940741993219e-01 8.302696920933250180e-01
-8.402090300256281896e-01 4.882047164764979907e-01
6.177546994526041946e-01 -8.239773394049298982e-01
8.330780748429180704e-01 6.918982209309754161e-01
-6.539502455729142572e-01 7.726136201250970448e-01
-8.176353250238779236e-01 -6.254012972850963026e-01
-2.173556457558329935e-01 -8.269372744784639906e-01
-2.224241787423925920e-01 -6.535069224102733054e-01
-1.315734386420113963e-02 -6.637086749835917621e-01
4.348459850387234420e-03 -4.880233610113167142e-01
1.923187872845278160e-02 -3.104897011276683272e-01
-1.982873489012633994e-01 -3.048001422309062902e-01
-1.805254921519701128e-01 -1.321093017504509082e-01
3.312515021389771108e-02 -1.355932710021429122e-01
4.470842556685526714e-02 3.825093136214016698e-02
2.522055135858231045e-01 4.321313044302212830e-02
-1.654486842780996114e-01 3.983604094736042933e-02
-1.491774422339657014e-01 2.119072957550185987e-01
-3.541807186668549101e-01 2.206561280036417882e-01
2.422154179158360898e-01 -1.339297390412199917e-01
4.514990699061766088e-01 5.351240993786027245e-02
2.546234940353649945e-01 2.190354587584542878e-01
-3.755445558287365815e-01 5.054553330622545138e-02
-1.298928355555312997e-01 3.810882740556654213e-01
-3.324518026871698950e-01 3.894089039191738211e-01
6.983676379247506782e-02 3.775163882025472928e-01
-1.149649502117585931e-01 5.412926750667119702e-01
4.432106906830244886e-01 -1.238747889375387962e-01
4.374702345749796883e-01 -3.012659506122001840e-01
4.712682467011961029e-01 2.604659680839654934e-01
3.884338079346416062e-01 3.844739222063002781e-01
6.315641232423836460e-01 -2.810419273833447140e-01
4.320336227940215212e-01 -4.818282656166147926e-01
8.256978661834536715e-02 5.353127289102983521e-01
5.920355059801136743e-01 4.330349533614553104e-01
4.326774966731740113e-01 4.971118711797056222e-01
-4.286752612354097769e-01 -6.500282222734491411e-01
-6.267975016869455906e-01 -6.413845319547418766e-01
-4.248394302435197223e-01 -4.718129287962234963e-01
-6.256538247445947443e-01 -4.582986036245472183e-01
-6.181595576059482067e-01 -2.762393359075571153e-01
-6.034257526106758807e-01 -9.717431616636852676e-02
-3.939157373857747890e-01 -1.192633416174886940e-01
-5.816837292974403884e-01 7.813474032908575284e-02
-7.568154303487891754e-01 2.966988848530973111e-01
-4.098756241717491089e-01 -2.930439091641833249e-01
8.176232024676481913e-01 -2.455461093095802905e-01
2.481115767379603876e-01 8.389176198726097100e-01
2.112330723973120938e-01 -7.070831723412454028e-01
-1.472512417857579081e-01 8.468710602743304561e-01
8.130593107167495281e-01 1.314815891074982979e-01
6.335916203290311577e-01 8.010793425379851562e-02
1.174702251359028005e-01 -8.414762727907112438e-01
-3.167633991157278728e-01 5.503820808329271674e-01
-5.062519077618055086e-01 5.709187197090717092e-01
4.287577651594787209e-01 -8.336925920113860133e-01
8.185113841932040168e-01 5.150700583695828616e-01
-4.699606637845595847e-01 8.465953427183674496e-01
-2.114145252930300922e-01 -4.793258357267182745e-01
5.486005742686918263e-02 2.112541631247376039e-01
6.255614393644460813e-01 -6.449357113355101978e-01
2.311844670712361882e-01 -3.089130479785638927e-01
2.208000547102768052e-01 -4.919901249410167932e-01
4.310820470716261177e-01 -6.628446388765757424e-01
2.533280304186418252e-01 3.774959093501912832e-01
2.643077283147790002e-01 5.256618999993676322e-01
-6.154832778163372708e-01 -8.208133798901747769e-01
8.140085100013721986e-01 -6.248249073705185452e-01
6.362744620230283976e-01 8.253719705942927920e-01
-8.396273662841912122e-01 6.152761452409878373e-01
-5.554347681021502003e-01 2.483580725808736955e-01
-5.281137046437507365e-01 4.120141582969767957e-01
6.804047853915528021e-01 6.223861953127656221e-01
-6.776613496610840448e-01 6.012683088448658175e-01
6.264523831472690318e-01 2.169575178765197898e-01
-8.153011545892879797e-01 -4.328911287996801138e-01
2.683510664286546943e-01 6.788614558442788161e-01
7.511352629200593323e-02 6.886657205110104929e-01
-1.225116829528154067e-01 6.945546029881456418e-01
-3.137021608594314226e-01 7.033976277977489477e-01
6.273187518845758648e-01 -4.616446622730253080e-01
-8.032465142086895327e-01 -5.449090309732206733e-02
6.325897217093531255e-01 -9.667142542392902216e-02
-8.087840270738499981e-01 -8.119608620812530653e-01
8.082072551236402225e-01 -8.124911162647070473e-01
8.191282406597182320e-01 8.215848651721536777e-01
-8.228028032212341136e-01 7.982922520103499231e-01
-7.100430845480661946e-01 4.503449829629829759e-01
-4.863430417654234228e-01 7.312473589513788230e-01
4.537179401190545858e-01 6.573961981325660009e-01
