117 49 130 110
70 101 124 79
45 106 122 84
93 42 131 91
87 89 125 55
81 130 49 96
88 108 61 95
90 47 125 89
72 93 91 92
91 90 95 92
56 7 8 41
96 16 17 40
97 25 26 43
88 86 57 108
98 102 9 44
40 17 18 100
43 26 27 99
56 41 58 57
48 6 7 56
49 15 16 96
50 24 25 97
57 86 48 56
41 8 9 102
86 88 89 87
41 102 98 58
95 90 89 88
98 44 105 113
108 57 58 59
108 59 60 61
63 64 66 62
100 18 19 45
99 27 28 46
64 63 69 65
63 62 61 60
65 69 77 70
66 64 109 67
73 75 83 76
73 67 109 75
76 103 74 73
69 63 60 111
79 71 65 70
72 66 67 68
9 10 105 44
20 106 45 19
29 107 46 28
60 59 112 111
64 65 71 109
58 98 112 59
10 11 52 105
113 105 52 110
67 73 74 68
77 69 111 78
82 78 111 112
98 113 82 112
79 84 85 80
75 114 115 83
75 109 71 114
79 80 114 71
114 80 85 115
137 121 104 123
42 93 120 94
95 61 62 92
72 92 62 66
86 87 116 48
121 120 68 74
90 91 131 47
45 84 79 124
6 48 116 5
15 49 117 14
24 50 118 23
33 51 119 32
93 72 68 120
36 37 125 47
113 110 130 82
34 35 131 42
81 96 40 132
39 0 4 133
12 1 13 134
21 2 22 135
30 3 31 136
42 94 33 34
103 104 121 74
20 53 122 106
101 100 45 124
70 77 132 101
137 123 119 51
29 54 138 107
78 81 132 77
128 129 103 76
127 128 76 83
126 127 83 115
43 127 126 97
55 125 37 38
128 99 46 129
127 43 99 128
78 82 130 81
47 131 35 36
100 101 132 40
122 118 50 139
5 116 133 4
14 117 134 13
23 118 135 22
32 119 136 31
11 12 134 52
20 21 135 53
29 30 136 54
38 39 133 55
33 94 137 51
110 52 134 117
122 53 135 118
123 54 136 119
87 55 133 116
120 121 137 94
84 122 139 85
54 123 104 138
46 107 138 129
103 129 138 104
115 85 139 126
97 126 139 50
