2.000000000000000111e-01 -2.000000000000000111e-01
2.000000000000000000e+00 -2.000000000000000111e-01
2.000000000000000000e+00 2.099999999999999922e-01
2.000000000000000111e-01 2.099999999999999922e-01
3.535533905932738280e-02 -3.535533905932738280e-02
3.535533905932738280e-02 3.535533905932738280e-02
-3.535533905932738280e-02 3.535533905932738280e-02
-3.535533905932738280e-02 -3.535533905932738280e-02
-2.000000000000000111e-01 -2.000000000000000111e-01
-2.000000000000000111e-01 2.099999999999999922e-01
2.900000000758943264e-01 -2.000000000000000111e-01
3.800000001582937159e-01 -2.000000000000000111e-01
4.700000002038304259e-01 -2.000000000000000111e-01
5.600000003512818347e-01 -2.000000000000000111e-01
6.500000005637854850e-01 -2.000000000000000111e-01
7.400000007979734562e-01 -2.000000000000000111e-01
8.300000010581818355e-01 -2.000000000000000111e-01
9.200000013227275231e-01 -2.000000000000000111e-01
1.010000001548241988e+00 -2.000000000000000111e-01
1.100000001734724009e+00 -2.000000000000000111e-01
1.190000001409464048e+00 -2.000000000000000111e-01
1.280000001136244903e+00 -2.000000000000000111e-01
1.370000000828331066e+00 -2.000000000000000111e-01
1.460000000234187967e+00 -2.000000000000000111e-01
1.549999999718107979e+00 -2.000000000000000111e-01
1.639999999531625008e+00 -2.000000000000000111e-01
1.729999999336468086e+00 -2.000000000000000944e-01
1.819999999149984893e+00 -2.000000000000000111e-01
1.909999999475245902e+00 -2.000000000000000111e-01
2.000000000000000000e+00 -1.487499999447733923e-01
2.000000000000000000e+00 -9.749999981094216450e-02
2.000000000000000000e+00 -4.624999967304516818e-02
2.000000000000000000e+00 5.000000464851883653e-03
2.000000000000000000e+00 5.625000029781695304e-02
2.000000000000000000e+00 1.075000001090980067e-01
2.000000000000000000e+00 1.587500000260888000e-01
1.909999999866101028e+00 2.099999999999999922e-01
1.820000000035778998e+00 2.099999999999999922e-01
1.729999999615650097e+00 2.099999999999999922e-01
1.639999999542465892e+00 2.099999999999999922e-01
1.549999999200400991e+00 2.099999999999999922e-01
1.459999998832314017e+00 2.099999999999999922e-01
1.369999998698415045e+00 2.099999999999999922e-01
1.279999998139508932e+00 2.099999999999999922e-01
1.189999997988262948e+00 2.099999999999999922e-01
1.099999997706911925e+00 2.099999999999999922e-01
1.009999997677095918e+00 2.099999999999999922e-01
9.199999980679514078e-01 2.099999999999999922e-01
8.299999981855876729e-01 2.099999999999999922e-01
7.399999982902129014e-01 2.099999999999999922e-01
6.499999987287725656e-01 2.099999999999999922e-01
5.599999989244711651e-01 2.099999999999999922e-01
4.699999991245066844e-01 2.099999999999999922e-01
3.799999995478874903e-01 2.099999999999999922e-01
2.900000001122147730e-01 2.099999999999999922e-01
2.000000000000000111e-01 1.587499999471450873e-01
2.000000000000000111e-01 1.074999997831596055e-01
2.000000000000000111e-01 5.624999966254216888e-02
2.000000000000000111e-01 4.999999547345707583e-03
2.000000000000000111e-01 -4.625000025614271759e-02
2.000000000000000111e-01 -9.750000000000001721e-02
2.000000000000000111e-01 -1.487499999471451062e-01
4.157348062791974691e-02 -2.777851163183481936e-02
4.619397664853051866e-02 -1.913417156280925943e-02
4.903926403740990758e-02 -9.754516014092974585e-03
5.000000000000001665e-02 1.259422462152048894e-10
4.903926400276825692e-02 9.754516188248310571e-03
4.619397659982576315e-02 1.913417168039295915e-02
4.157348059351888281e-02 2.777851168331936169e-02
2.777851163183481936e-02 4.157348062791974691e-02
1.913417156280925943e-02 4.619397664853051866e-02
9.754516014092974585e-03 4.903926403740990758e-02
-1.259422462152048894e-10 5.000000000000001665e-02
-9.754516188248310571e-03 4.903926400276825692e-02
-1.913417168039295915e-02 4.619397659982576315e-02
-2.777851168331936169e-02 4.157348059351888281e-02
-4.157348062791974691e-02 2.777851163183481936e-02
-4.619397664853051866e-02 1.913417156280925943e-02
-4.903926403740990758e-02 9.754516014092974585e-03
-5.000000000000001665e-02 -1.259422462152048894e-10
-4.903926400276825692e-02 -9.754516188248310571e-03
-4.619397659982576315e-02 -1.913417168039295915e-02
-4.157348059351888281e-02 -2.777851168331936169e-02
-2.777851163183481936e-02 -4.157348062791974691e-02
-1.913417156280925943e-02 -4.619397664853051866e-02
-9.754516014092974585e-03 -4.903926403740990758e-02
1.259422462152048894e-10 -5.000000000000001665e-02
9.754516188248310571e-03 -4.903926400276825692e-02
1.913417168039295915e-02 -4.619397659982576315e-02
2.777851168331936169e-02 -4.157348059351888281e-02
-1.499999999903439130e-01 -2.000000000000000111e-01
-9.999999983703093676e-02 -2.000000000000000111e-01
-4.999999965661282297e-02 -2.000000000000000111e-01
4.682397525268555682e-10 -2.000000000000000111e-01
5.000000028273954983e-02 -2.000000000000000111e-01
1.000000000755553037e-01 -2.000000000000000111e-01
1.500000000066067929e-01 -2.000000000000000111e-01
1.499999999903439130e-01 2.099999999999999922e-01
9.999999983703093676e-02 2.099999999999999922e-01
4.999999965661282297e-02 2.099999999999999922e-01
-4.682397525268555682e-10 2.099999999999999922e-01
-5.000000028273954983e-02 2.099999999999999922e-01
-1.000000000755553037e-01 2.099999999999999922e-01
-1.500000000066067929e-01 2.099999999999999922e-01
-2.000000000000000111e-01 1.587499999471450873e-01
-2.000000000000000111e-01 1.074999997831596055e-01
-2.000000000000000111e-01 5.624999966254216888e-02
-2.000000000000000111e-01 4.999999547345707583e-03
-2.000000000000000111e-01 -4.625000025614271759e-02
-2.000000000000000111e-01 -9.750000000000001721e-02
-2.000000000000000111e-01 -1.487499999471451062e-01
7.651650433786361116e-02 -7.651650433786361116e-02
1.176776696787413951e-01 -1.176776696787413951e-01
1.588388346374380866e-01 -1.588388346374380866e-01
7.651650433316661837e-02 7.901650433551536679e-02
1.176776696688105056e-01 1.226776696772618053e-01
1.588388346690345898e-01 1.663388346632161952e-01
-7.651650433316661837e-02 7.901650433551536679e-02
-1.176776696688105056e-01 1.226776696772618053e-01
-1.588388346690345898e-01 1.663388346632161952e-01
-7.651650433786361116e-02 -7.651650433786361116e-02
-1.176776696787413951e-01 -1.176776696787413951e-01
-1.588388346374380866e-01 -1.588388346374380866e-01
2.900000000804344169e-01 -1.487499999470265066e-01
2.900000000849743964e-01 -9.749999999054706490e-02
2.900000000895143204e-01 -4.625000022698789320e-02
2.900000000940544109e-01 4.999999593220962567e-03
2.900000000985942794e-01 5.624999969430594104e-02
2.900000001031349250e-01 1.074999997994564027e-01
2.900000001076745160e-01 1.587499999510922077e-01
3.800000000819929724e-01 -1.487499999469079071e-01
3.800000000056921734e-01 -9.749999998109434851e-02
3.799999999293913744e-01 -4.625000019783293698e-02
3.799999998530907974e-01 4.999999639096266990e-03
3.799999997767897764e-01 5.624999972606956056e-02
3.799999997004893104e-01 1.074999998157535053e-01
3.799999996241886224e-01 1.587499999550394947e-01
4.700000000689146806e-01 -1.487499999467893075e-01
4.699999999339993795e-01 -9.749999997164134069e-02
4.699999997990840228e-01 -4.625000016867807789e-02
4.699999996641687217e-01 4.999999684971639935e-03
4.699999995292530874e-01 5.624999975783326334e-02
4.699999993943375087e-01 1.074999998320503025e-01
4.699999992594222076e-01 1.587499999589868094e-01
5.600000001729307231e-01 -1.487499999466707912e-01
5.599999999945789453e-01 -9.749999996218841614e-02
5.599999998162276116e-01 -4.625000013952330902e-02
5.599999996378766109e-01 4.999999730846860224e-03
5.599999994595252772e-01 5.624999978959718122e-02
5.599999992811739435e-01 1.074999998483472941e-01
5.599999991028226098e-01 1.587499999629337910e-01
6.500000003344090782e-01 -1.487499999465523026e-01
6.500000001050321163e-01 -9.749999995273558873e-02
6.499999998756559316e-01 -4.625000011036838748e-02
6.499999996462791918e-01 4.999999776722177658e-03
6.499999994169026740e-01 5.624999982136089788e-02
6.499999991875262673e-01 1.074999998646442023e-01
6.499999989581498605e-01 1.587499999668811057e-01
7.400000004845033175e-01 -1.487499999464335088e-01
7.400000001710331787e-01 -9.749999994328267805e-02
7.399999998575631510e-01 -4.625000008121339656e-02
7.399999995440932343e-01 4.999999822597578358e-03
7.399999992306229846e-01 5.624999985312455902e-02
7.399999989171527348e-01 1.074999998809410967e-01
7.399999986036832622e-01 1.587499999708283094e-01
8.300000006991078427e-01 -1.487499999463151035e-01
8.300000003400334059e-01 -9.749999993382975350e-02
8.299999999809591911e-01 -4.625000005205857218e-02
8.299999996218847542e-01 4.999999868472813393e-03
8.299999992628108725e-01 5.624999988488837976e-02
8.299999989037358805e-01 1.074999998972380050e-01
8.299999985446618878e-01 1.587499999747752910e-01
9.200000009158804115e-01 -1.487499999461965039e-01
9.200000005090334110e-01 -9.749999992437689833e-02
9.200000001021860774e-01 -4.625000002290365758e-02
9.199999996953394099e-01 4.999999914348143837e-03
9.199999992884926314e-01 5.624999991665211724e-02
9.199999988816454088e-01 1.074999999135348994e-01
9.199999984747981863e-01 1.587499999787226057e-01
1.010000001064349062e+00 -1.487499999460779043e-01
1.010000000580455026e+00 -9.749999991492398765e-02
1.010000000096562101e+00 -4.624999999374881932e-02
1.009999999612668953e+00 4.999999960223468209e-03
1.009999999128776027e+00 5.624999994841582696e-02
1.009999998644883101e+00 1.074999999298319048e-01
1.009999998160989954e+00 1.587499999826698094e-01
1.100000001231248081e+00 -1.487499999459591937e-01
1.100000000727771932e+00 -9.749999990547103534e-02
1.100000000224294894e+00 -4.624999996459393942e-02
1.099999999720818966e+00 5.000000006098716254e-03
1.099999999217341928e+00 5.624999998017971015e-02
1.099999998713864890e+00 1.074999999461287992e-01
1.099999998210388075e+00 1.587499999866169020e-01
1.190000000981813022e+00 -1.487499999458405942e-01
1.190000000554163995e+00 -9.749999989601820793e-02
1.190000000126512969e+00 -4.624999993543903176e-02
1.189999999698863054e+00 5.000000051974130832e-03
1.189999999271212916e+00 5.625000001194326721e-02
1.189999998843563001e+00 1.074999999624256936e-01
1.189999998415913085e+00 1.587499999905641057e-01
1.280000000761652101e+00 -1.487499999457221056e-01
1.280000000387061077e+00 -9.749999988656532501e-02
1.280000000012468053e+00 -4.624999990628420737e-02
1.279999999637877028e+00 5.000000097849434388e-03
1.279999999263284893e+00 5.625000004370708795e-02
1.279999998888692980e+00 1.074999999787226990e-01
1.279999998514099957e+00 1.587499999945113094e-01
1.370000000562092035e+00 -1.487499999456035893e-01
1.370000000295851894e+00 -9.749999987711241434e-02
1.370000000029611975e+00 -4.624999987712934829e-02
1.369999999763372944e+00 5.000000143724689372e-03
1.369999999497133025e+00 5.625000007547083236e-02
1.369999999230893994e+00 1.074999999950197044e-01
1.369999998964654964e+00 1.587499999984585131e-01
1.460000000058953029e+00 -1.487499999454849064e-01
1.459999999883718980e+00 -9.749999986765950366e-02
1.459999999708486040e+00 -4.624999984797441288e-02
1.459999999533249992e+00 5.000000189599929611e-03
1.459999999358017053e+00 5.625000010723447269e-02
1.459999999182783004e+00 1.075000000113165988e-01
1.459999999007548066e+00 1.587500000024056057e-01
1.549999999653393967e+00 -1.487499999453663069e-01
1.549999999588681066e+00 -9.749999985820667625e-02
1.549999999523967942e+00 -4.624999981881953298e-02
1.549999999459253042e+00 5.000000235475365873e-03
1.549999999394541028e+00 5.625000013899827261e-02
1.549999999329827016e+00 1.075000000276134932e-01
1.549999999265113892e+00 1.587500000063528927e-01
1.639999999532979924e+00 -1.487499999452477906e-01
1.639999999534335062e+00 -9.749999984875371006e-02
1.639999999535689978e+00 -4.624999978966475023e-02
1.639999999537046005e+00 5.000000281350613918e-03
1.639999999538400033e+00 5.625000017076209335e-02
1.639999999539756059e+00 1.075000000439104014e-01
1.639999999541110975e+00 1.587500000103000131e-01
1.729999999371365949e+00 -1.487499999451291910e-01
1.729999999406264033e+00 -9.749999983930082714e-02
1.729999999441161007e+00 -4.624999976050977318e-02
1.729999999476059980e+00 5.000000327226027629e-03
1.729999999510956954e+00 5.625000020252565736e-02
1.729999999545855038e+00 1.075000000602074068e-01
1.729999999580752901e+00 1.587500000142473000e-01
1.819999999260710100e+00 -1.487499999450105914e-01
1.819999999371433974e+00 -9.749999982984802749e-02
1.819999999482158071e+00 -4.624999973135487247e-02
1.819999999592881945e+00 5.000000373101297357e-03
1.819999999703604932e+00 5.625000023428952667e-02
1.819999999814329916e+00 1.075000000765043012e-01
1.819999999925054013e+00 1.587500000181943927e-01
1.909999999524103043e+00 -1.487499999448919918e-01
1.909999999572959961e+00 -9.749999982039503355e-02
1.909999999621817102e+00 -4.624999970219995094e-02
1.909999999670672910e+00 5.000000418976611322e-03
1.909999999719530051e+00 5.625000026605336823e-02
1.909999999768386969e+00 1.075000000928011956e-01
1.909999999817242999e+00 1.587500000221415963e-01
1.603933700368538884e-01 -1.185071277670016049e-01
1.207867404544211015e-01 -8.826425588395672706e-02
8.118011051076116924e-02 -5.802138373147915085e-02
1.615484940461981989e-01 -7.790854278548113576e-02
1.230969884554683064e-01 -5.831708578671884746e-02
8.464548252150790042e-02 -3.872562864384449660e-02
1.622598158983817040e-01 -3.712612906073545910e-02
1.245196321452727989e-01 -2.800225802162673028e-02
8.677944806117721122e-02 -1.887838697454516032e-02
1.624999998983306104e-01 3.749999856878690786e-03
1.250000001312938924e-01 2.500000065384283977e-03
8.750000003737103127e-02 1.250000150811694105e-03
1.622598159076185931e-01 4.462612888582499771e-02
1.245196321398819028e-01 3.300225812874899717e-02
8.677944804477411012e-02 2.137838719049521899e-02
1.615484940608929998e-01 8.540854278945700373e-02
1.230969884426274946e-01 6.331708592464779795e-02
8.464548249489807497e-02 4.122562881511346311e-02
1.603933700575063959e-01 1.260071278421799890e-01
1.207867404386538945e-01 9.326425598069190692e-02
8.118011048802095675e-02 6.052138382084275292e-02
-1.194446278847123011e-01 1.678933700542984964e-01
-8.888925598831121100e-02 1.257867404443243076e-01
-5.833388382288907242e-02 8.368011048861495604e-02
-7.978354297069269185e-02 1.690484940584086049e-01
-5.956708600095546313e-02 1.280969884433661998e-01
-3.935062883915611820e-02 8.714548249210490871e-02
-3.993862926163708332e-02 1.697598159082688019e-01
-2.987725830408929917e-02 1.295196321390580940e-01
-1.981588724726073003e-02 8.927944804111248578e-02
-4.087607093083978071e-10 1.699999999069052026e-01
-3.318848425248877021e-10 1.300000001352213108e-01
-2.376119960512124152e-10 9.000000003758015787e-02
3.993862870638362206e-02 1.697598159149308894e-01
2.987725784778878096e-02 1.295196321537145923e-01
1.981588691799293991e-02 8.927944806509549580e-02
7.978354269952527000e-02 1.690484940648130929e-01
5.956708573906380200e-02 1.280969884600229869e-01
3.935062862845904730e-02 8.714548252286184737e-02
1.194446278127195976e-01 1.678933700567812048e-01
8.888925589187167409e-02 1.257867404533679900e-01
5.833388373328558113e-02 8.368011050829807229e-02
-8.118011049141068969e-02 -5.802138382104662234e-02
-8.464548249411149583e-02 -3.872562883455919758e-02
-8.677944804169131221e-02 -1.887838724631086054e-02
-8.750000003737101739e-02 1.249999762581426943e-03
-8.677944806426000912e-02 2.137838691872950142e-02
-8.464548252229452119e-02 4.122562862439872744e-02
-8.118011050737147793e-02 6.052138373127524673e-02
-1.207867404458208976e-01 -8.826425597763780384e-02
-1.230969884432921019e-01 -5.831708598221332224e-02
-1.245196321366123932e-01 -2.800225829690330959e-02
-1.250000001312938924e-01 2.499999673686153015e-03
-1.245196321485422947e-01 3.300225785347238316e-02
-1.230969884548036020e-01 6.331708572915339950e-02
-1.207867404472540984e-01 9.326425588701088565e-02
-1.603933700347039970e-01 -1.185071278308268000e-01
-1.615484940431541894e-01 -7.790854291740401116e-02
-1.622598158962166026e-01 -3.712612924542346010e-02
-1.624999998983306937e-01 3.749999594590726001e-03
-1.622598159097836945e-01 4.462612870113692037e-02
-1.615484940639370093e-01 8.540854265753412833e-02
-1.603933700596565093e-01 1.260071277783547106e-01
-5.833388373677231287e-02 -8.118011051046891691e-02
-3.935062863076600054e-02 -8.464548252490086688e-02
-1.981588691914107012e-02 -8.677944806705337188e-02
2.376119682956367996e-10 -8.750000003951062533e-02
1.981588724840888105e-02 -8.677944804307034798e-02
3.935062884146305062e-02 -8.464548249414392822e-02
5.833388382637581804e-02 -8.118011049078578678e-02
-8.888925589924374926e-02 -1.207867404544726020e-01
-5.956708574394139338e-02 -1.230969884608490023e-01
-2.987725785021629055e-02 -1.245196321543688978e-01
3.318848199734825144e-10 -1.250000001358178014e-01
2.987725830651680875e-02 -1.245196321397123995e-01
5.956708600583311697e-02 -1.230969884441922013e-01
8.888925599568330005e-02 -1.207867404454289056e-01
-1.194446277892644986e-01 -1.603933700321965028e-01
-7.978354268400657257e-02 -1.615484940411150983e-01
-3.993862869866025844e-02 -1.622598158917787914e-01
4.087607171146533973e-10 -1.624999998839377069e-01
3.993862925391371277e-02 -1.622598158851167871e-01
7.978354295517395278e-02 -1.615484940347106102e-01
1.194446278612569939e-01 -1.603933700297137110e-01
