0 10 123 61
61 123 124 60
60 124 125 59
59 125 126 58
58 126 127 57
57 127 128 56
56 128 129 55
55 129 54 3
10 11 130 123
123 130 131 124
124 131 132 125
125 132 133 126
126 133 134 127
127 134 135 128
128 135 136 129
129 136 53 54
11 12 137 130
130 137 138 131
131 138 139 132
132 139 140 133
133 140 141 134
134 141 142 135
135 142 143 136
136 143 52 53
12 13 144 137
137 144 145 138
138 145 146 139
139 146 147 140
140 147 148 141
141 148 149 142
142 149 150 143
143 150 51 52
13 14 151 144
144 151 152 145
145 152 153 146
146 153 154 147
147 154 155 148
148 155 156 149
149 156 157 150
150 157 50 51
14 15 158 151
151 158 159 152
152 159 160 153
153 160 161 154
154 161 162 155
155 162 163 156
156 163 164 157
157 164 49 50
15 16 165 158
158 165 166 159
159 166 167 160
160 167 168 161
161 168 169 162
162 169 170 163
163 170 171 164
164 171 48 49
16 17 172 165
165 172 173 166
166 173 174 167
167 174 175 168
168 175 176 169
169 176 177 170
170 177 178 171
171 178 47 48
17 18 179 172
172 179 180 173
173 180 181 174
174 181 182 175
175 182 183 176
176 183 184 177
177 184 185 178
178 185 46 47
18 19 186 179
179 186 187 180
180 187 188 181
181 188 189 182
182 189 190 183
183 190 191 184
184 191 192 185
185 192 45 46
19 20 193 186
186 193 194 187
187 194 195 188
188 195 196 189
189 196 197 190
190 197 198 191
191 198 199 192
192 199 44 45
20 21 200 193
193 200 201 194
194 201 202 195
195 202 203 196
196 203 204 197
197 204 205 198
198 205 206 199
199 206 43 44
21 22 207 200
200 207 208 201
201 208 209 202
202 209 210 203
203 210 211 204
204 211 212 205
205 212 213 206
206 213 42 43
22 23 214 207
207 214 215 208
208 215 216 209
209 216 217 210
210 217 218 211
211 218 219 212
212 219 220 213
213 220 41 42
23 24 221 214
214 221 222 215
215 222 223 216
216 223 224 217
217 224 225 218
218 225 226 219
219 226 227 220
220 227 40 41
24 25 228 221
221 228 229 222
222 229 230 223
223 230 231 224
224 231 232 225
225 232 233 226
226 233 234 227
227 234 39 40
25 26 235 228
228 235 236 229
229 236 237 230
230 237 238 231
231 238 239 232
232 239 240 233
233 240 241 234
234 241 38 39
26 27 242 235
235 242 243 236
236 243 244 237
237 244 245 238
238 245 246 239
239 246 247 240
240 247 248 241
241 248 37 38
27 28 249 242
242 249 250 243
243 250 251 244
244 251 252 245
245 252 253 246
246 253 254 247
247 254 255 248
248 255 36 37
28 1 29 249
249 29 30 250
250 30 31 251
251 31 32 252
252 32 33 253
253 33 34 254
254 34 35 255
255 35 2 36
0 61 256 113
113 256 257 112
112 257 258 111
111 258 62 4
61 60 259 256
256 259 260 257
257 260 261 258
258 261 63 62
60 59 262 259
259 262 263 260
260 263 264 261
261 264 64 63
59 58 265 262
262 265 266 263
263 266 267 264
264 267 65 64
58 57 268 265
265 268 269 266
266 269 270 267
267 270 66 65
57 56 271 268
268 271 272 269
269 272 273 270
270 273 67 66
56 55 274 271
271 274 275 272
272 275 276 273
273 276 68 67
55 3 116 274
274 116 115 275
275 115 114 276
276 114 5 68
9 119 277 103
119 118 278 277
118 117 279 278
117 6 75 279
103 277 280 102
277 278 281 280
278 279 282 281
279 75 74 282
102 280 283 101
280 281 284 283
281 282 285 284
282 74 73 285
101 283 286 100
283 284 287 286
284 285 288 287
285 73 72 288
100 286 289 99
286 287 290 289
287 288 291 290
288 72 71 291
99 289 292 98
289 290 293 292
290 291 294 293
291 71 70 294
98 292 295 97
292 293 296 295
293 294 297 296
294 70 69 297
97 295 116 3
295 296 115 116
296 297 114 115
297 69 5 114
7 82 298 120
82 81 299 298
81 80 300 299
80 79 301 300
79 78 302 301
78 77 303 302
77 76 304 303
76 6 117 304
120 298 305 121
298 299 306 305
299 300 307 306
300 301 308 307
301 302 309 308
302 303 310 309
303 304 311 310
304 117 118 311
121 305 312 122
305 306 313 312
306 307 314 313
307 308 315 314
308 309 316 315
309 310 317 316
310 311 318 317
311 118 119 318
122 312 110 8
312 313 109 110
313 314 108 109
314 315 107 108
315 316 106 107
316 317 105 106
317 318 104 105
318 119 9 104
7 120 319 83
83 319 320 84
84 320 321 85
85 321 322 86
86 322 323 87
87 323 324 88
88 324 325 89
89 325 111 4
120 121 326 319
319 326 327 320
320 327 328 321
321 328 329 322
322 329 330 323
323 330 331 324
324 331 332 325
325 332 112 111
121 122 333 326
326 333 334 327
327 334 335 328
328 335 336 329
329 336 337 330
330 337 338 331
331 338 339 332
332 339 113 112
122 8 90 333
333 90 91 334
334 91 92 335
335 92 93 336
336 93 94 337
337 94 95 338
338 95 96 339
339 96 0 113
