0.000000000000000000e+00 0.000000000000000000e+00
7.071067811865475727e-01 -7.071067811865474617e-01
1.207106781186547018e+00 -2.071067811865474062e-01
7.071067811865475727e-01 2.928932188134524828e-01
7.071067811865475727e-01 1.000000000000000000e+00
0.000000000000000000e+00 1.000000000000000000e+00
3.535533910475670283e-02 -3.535533910475670283e-02
7.071067822941291825e-02 -7.071067822941290437e-02
1.060660173464797046e-01 -1.060660173464797046e-01
1.414213564529754885e-01 -1.414213564529754885e-01
1.767766955947079055e-01 -1.767766955947077945e-01
2.121320347559559061e-01 -2.121320347559559061e-01
2.474873738857621963e-01 -2.474873738857621130e-01
2.828427130415893109e-01 -2.828427130415891999e-01
3.181980521952478269e-01 -3.181980521952477159e-01
3.535533913630011238e-01 -3.535533913630011238e-01
3.889087303236717919e-01 -3.889087303236716808e-01
4.242640692583213857e-01 -4.242640692583213857e-01
4.596194082059816277e-01 -4.596194082059815167e-01
4.949747469606536887e-01 -4.949747469606536887e-01
5.303300859332505945e-01 -5.303300859332504835e-01
5.656854249123528522e-01 -5.656854249123527412e-01
6.010407640063802903e-01 -6.010407640063801793e-01
6.363961030201767954e-01 -6.363961030201766844e-01
6.717514421684142034e-01 -6.717514421684140924e-01
7.321067811941369685e-01 -6.821067811789580659e-01
7.571067812017264753e-01 -6.571067811713687812e-01
7.821067813155676562e-01 -6.321067810575274892e-01
8.071067814641031957e-01 -6.071067809089917278e-01
8.321067816039653398e-01 -5.821067807691295837e-01
8.571067816787751870e-01 -5.571067806943197365e-01
8.821067816451648724e-01 -5.321067807279299400e-01
9.071067817069644601e-01 -5.071067806661304633e-01
9.321067818186373755e-01 -4.821067805544577145e-01
9.571067819292259360e-01 -4.571067804438689874e-01
9.821067817384062648e-01 -4.321067806346884921e-01
1.007106781487955960e+00 -4.071067808851391856e-01
1.032106781446755939e+00 -3.821067809263389847e-01
1.057106781248347005e+00 -3.571067811247479185e-01
1.082106781224493997e+00 -3.321067811486003163e-01
1.107106781172453092e+00 -3.071067812006421094e-01
1.132106781038012100e+00 -2.821067813350832121e-01
1.157106781047769095e+00 -2.571067813253252732e-01
1.182106781127999939e+00 -2.321067812450944012e-01
1.182106781307707077e+00 -1.821067813077069109e-01
1.157106781332915002e+00 -1.571067813329146134e-01
1.132106781162965925e+00 -1.321067811629658972e-01
1.107106781082193070e+00 -1.071067810821928062e-01
1.082106781025272024e+00 -8.210678102527221855e-02
1.057106780958323000e+00 -5.710678095832270179e-02
1.032106780834453064e+00 -3.210678083445257791e-02
1.007106780677514024e+00 -7.106780677514364097e-03
9.821067805609626777e-01 1.789321943903729104e-02
9.571067805129866990e-01 4.289321948701325243e-02
9.321067805652993865e-01 6.789321943470053022e-02
9.071067806634199870e-01 9.289321933658013786e-02
8.821067807257615412e-01 1.178932192742385004e-01
8.571067806563724689e-01 1.428932193436275866e-01
8.321067807596428390e-01 1.678932192403571888e-01
8.071067808244239972e-01 1.928932191755761139e-01
7.821067809287781669e-01 2.178932190712218053e-01
7.571067810602379877e-01 2.428932189397620123e-01
7.321067812637966910e-01 2.678932187362031980e-01
6.717514421372221545e-01 2.782485578769228196e-01
6.363961029912580392e-01 2.636038969003641208e-01
6.010407638045752732e-01 2.489592359069391914e-01
5.656854247441448491e-01 2.343145749658095967e-01
5.303300856482193737e-01 2.196699140099775127e-01
4.949747464159662269e-01 2.050252529976767102e-01
4.596194072598607794e-01 1.903805920169173993e-01
4.242640680213429771e-01 1.757359310020215892e-01
3.889087288691913114e-01 1.610912700228999128e-01
3.535533896608676896e-01 1.464466090205109872e-01
3.181980507043701834e-01 1.318019481224319001e-01
2.828427118320480105e-01 1.171572872592192976e-01
2.474873728623588898e-01 1.025126263556760953e-01
2.121320338582045884e-01 8.786796543785692359e-02
1.767766949207907057e-01 7.322330454768251340e-02
1.414213559241055962e-01 5.857864363295719329e-02
1.060660169317901996e-01 4.393398272004180732e-02
7.071067801905897565e-02 2.928932184009132994e-02
3.535533912790327776e-02 1.464466096907768994e-02
0.000000000000000000e+00 5.000000005120658342e-02
0.000000000000000000e+00 1.000000001176152009e-01
0.000000000000000000e+00 1.500000001880895106e-01
0.000000000000000000e+00 2.000000002504324081e-01
0.000000000000000000e+00 2.500000003496379852e-01
0.000000000000000000e+00 3.000000005279904736e-01
0.000000000000000000e+00 3.500000006694802268e-01
0.000000000000000000e+00 4.000000008022960851e-01
0.000000000000000000e+00 4.500000008960807762e-01
0.000000000000000000e+00 5.000000010462442024e-01
0.000000000000000000e+00 5.500000008711465327e-01
0.000000000000000000e+00 6.000000006288283005e-01
0.000000000000000000e+00 6.500000003735000309e-01
0.000000000000000000e+00 7.000000001094979218e-01
0.000000000000000000e+00 7.499999998454955907e-01
0.000000000000000000e+00 7.999999997246081129e-01
0.000000000000000000e+00 8.499999997294880316e-01
0.000000000000000000e+00 8.999999997213576908e-01
0.000000000000000000e+00 9.499999998910366728e-01
3.535533909956436321e-02 1.000000000000000000e+00
7.071067821777461682e-02 1.000000000000000000e+00
1.060660173229745068e-01 1.000000000000000000e+00
1.414213564303427040e-01 9.999999999999998890e-01
1.767766955707791021e-01 9.999999999999998890e-01
2.121320347188049016e-01 9.999999999999998890e-01
2.474873738440624971e-01 1.000000000000000000e+00
2.828427130690666091e-01 1.000000000000000000e+00
3.181980522344398099e-01 1.000000000000000000e+00
3.535533914626965979e-01 1.000000000000000000e+00
3.889087304090607100e-01 1.000000000000000000e+00
4.242640693554249887e-01 9.999999999999998890e-01
4.596194083256419094e-01 1.000000000000000000e+00
4.949747470681757910e-01 1.000000000000000000e+00
5.303300859776773901e-01 9.999999999999998890e-01
5.656854249413888480e-01 1.000000000000000000e+00
6.010407640265311713e-01 1.000000000000000000e+00
6.363961030119266171e-01 9.999999999999996669e-01
6.717514421968152627e-01 1.000000000000000000e+00
7.071067811865475727e-01 9.646446609038096254e-01
7.071067811865475727e-01 9.292893217772617565e-01
7.071067811865475727e-01 8.939339827374500613e-01
7.071067811865474617e-01 8.585786436152390566e-01
7.071067811865475727e-01 8.232233044539964961e-01
7.071067811865475727e-01 7.878679653231118740e-01
7.071067811865476838e-01 7.525126261531959182e-01
7.071067811865475727e-01 7.171572868661860722e-01
7.071067811865476838e-01 6.818019476572387827e-01
7.071067811865474617e-01 6.464466084526281353e-01
7.071067811865475727e-01 6.110912695038894782e-01
7.071067811865476838e-01 5.757359305291298579e-01
7.071067811865476838e-01 5.403805915023286444e-01
7.071067811865476838e-01 5.050252524278223687e-01
7.071067811865476838e-01 4.696699135463042740e-01
7.071067811865476838e-01 4.343145745325134865e-01
7.071067811865475727e-01 3.989592355729325024e-01
7.071067811865473507e-01 3.636038967152664947e-01
7.071067811865475727e-01 3.282485579313267898e-01
7.019291127831860100e-02 -2.019291118542746941e-02
1.050304832301702934e-01 -5.030483362459495233e-03
1.398680552095281082e-01 1.013194447261418080e-02
1.747056272657077913e-01 2.529437234125736858e-02
2.095431993252800940e-01 4.045680021151121242e-02
2.443807713247435065e-01 5.561922805573776829e-02
2.792183433790337843e-01 7.078165592396110095e-02
3.140559154076159043e-01 8.594408378112941560e-02
3.488934873484357824e-01 1.011065116002349967e-01
3.837310593678823212e-01 1.162689394536953053e-01
4.185686316019657793e-01 1.314313674007069888e-01
4.534062037792189748e-01 1.465937953231181978e-01
4.882437760518048009e-01 1.617562232871554984e-01
5.230813482361978961e-01 1.769186512129425903e-01
5.579189205039413180e-01 1.920810791751405011e-01
5.927564926420122449e-01 2.072435070810348945e-01
6.275940647410223061e-01 2.224059349700631127e-01
6.624316369681694239e-01 2.375683629149943077e-01
6.972692091620165122e-01 2.527307908455667107e-01
1.050304834278805999e-01 -5.503048333907979012e-02
1.393502884199399883e-01 -3.935028854366894729e-02
1.736700934458584866e-01 -2.367009373340574901e-02
2.079898985464916084e-01 -7.989898889624057199e-03
2.423097036501754009e-01 7.690295954934076028e-03
2.766295086935711134e-01 2.337049077132985139e-02
3.109493137808138075e-01 3.905068560714147763e-02
3.452691188514677156e-01 5.473088043475648340e-02
3.795889238443285185e-01 7.041107522621155301e-02
4.139087289110031098e-01 8.609127005077341077e-02
4.482285341567295855e-01 1.017714649565241991e-01
4.825483393456195813e-01 1.174516598356900032e-01
5.168681446391126810e-01 1.331318547620294890e-01
5.511879498394491872e-01 1.488120496451897090e-01
5.855077551306973049e-01 1.644922445692691138e-01
6.198275602993992273e-01 1.801724394367409110e-01
6.541473654262023318e-01 1.958526342844532087e-01
6.884671706835249205e-01 2.115328291911797998e-01
7.227869759153716656e-01 2.272130240856496119e-01
1.398680555754464871e-01 -8.986805549073600963e-02
1.736700936127998085e-01 -7.367009372796834432e-02
2.074721316900164092e-01 -5.747213194725295238e-02
2.412741698397244117e-01 -4.127417013295425763e-02
2.750762079920051062e-01 -2.507620831857728869e-02
3.088782460837056765e-01 -8.878246534385195177e-03
3.426802842084352152e-01 7.319715264479859096e-03
3.764823223252869999e-01 2.351767705841507905e-02
4.102843603739088074e-01 3.971563881849980715e-02
4.440863984914968920e-01 5.591360061047845331e-02
4.778884367533842159e-01 7.211156247045079348e-02
5.116904749583099932e-01 8.830952430197236414e-02
5.454925132766408336e-01 1.045074861866830962e-01
5.792945514968954601e-01 1.207054480232409022e-01
6.130965898152147542e-01 1.369034099056367915e-01
6.468986280178099513e-01 1.531013717314229083e-01
6.807006661756294097e-01 1.692993335345973904e-01
7.145027044660740012e-01 1.854972954001715968e-01
7.483047427385016714e-01 2.016952572559574941e-01
1.747056277150904890e-01 -1.247056276344700038e-01
2.079898987999682092e-01 -1.079898989065763010e-01
2.412741699304528920e-01 -9.127417015737912531e-02
2.745584411311794981e-01 -7.455844137450688691e-02
3.078427123339532723e-01 -5.784271259220760686e-02
3.411269834758319242e-01 -4.112698384209161756e-02
3.744112546401717201e-01 -2.441125508229655128e-02
4.076955258050248831e-01 -7.695526323844459338e-03
4.409797969108941174e-01 9.020202403383734135e-03
4.742640680809350751e-01 2.573593116123902916e-02
5.075483393614446115e-01 4.245165997297158100e-02
5.408326105848368925e-01 5.916738875441813345e-02
5.741168819300586090e-01 7.588311759544758006e-02
6.074011531724172741e-01 9.259884638321708161e-02
6.406854245196713649e-01 1.093145752220651967e-01
6.739696957578116265e-01 1.260303040045140099e-01
7.072539669483444147e-01 1.427460327614527014e-01
7.405382382734251312e-01 1.594617615843617053e-01
7.738225095876699600e-01 1.761774904002277875e-01
2.095431998905609994e-01 -1.595431998140305896e-01
2.423097040231756982e-01 -1.423097041212235958e-01
2.750762082069226899e-01 -1.250762084035388078e-01
3.078427124586762820e-01 -1.078427126521013940e-01
3.406092167119457170e-01 -9.060921690188203370e-02
3.733757209040223790e-01 -7.337572118586220549e-02
4.061422251082841273e-01 -5.614222546544893333e-02
4.389087293211724750e-01 -3.890872974251351202e-02
4.716752334840453864e-01 -2.167523404789907862e-02
5.044417377063926677e-01 -4.441738324019479413e-03
5.372082420063395425e-01 1.279175743865818005e-02
5.699747462490242222e-01 3.002525316920363896e-02
6.027412506216249799e-01 4.725874896606307995e-02
6.355077548867509307e-01 6.449224470438108536e-02
6.682742592633228451e-01 8.172574049929856588e-02
7.010407635372195578e-01 9.895923623819898041e-02
7.338072677607656580e-01 1.161927319486023014e-01
7.665737721206371535e-01 1.334262277286905884e-01
7.993402764766178725e-01 1.506597235047170968e-01
2.443807720817031126e-01 -1.943807720092622926e-01
2.766295092579721948e-01 -1.766295093474594957e-01
3.088782464908185199e-01 -1.588782466571241059e-01
3.411269837895890000e-01 -1.411269839331117104e-01
3.733757210894769196e-01 -1.233757212110948992e-01
4.056244583280300131e-01 -1.056244585254503959e-01
4.378731955689232902e-01 -8.787319584112837645e-02
4.701219328264167885e-01 -7.012193315027950846e-02
5.023706700427260641e-01 -5.237067048471082120e-02
5.346194073140450032e-01 -3.461940779147303776e-02
5.668681446311966132e-01 -1.686814507561754106e-02
5.991168818910901361e-01 8.831176061100121100e-04
6.313656192887883156e-01 1.863438036108127846e-02
6.636143565747134598e-01 3.638564305191636233e-02
6.958630939784926639e-01 5.413690580501338834e-02
7.281118312860027642e-01 7.188816850250862034e-02
7.603605685406458203e-01 8.963943116829289903e-02
7.926093059333867430e-01 1.073906939074820016e-01
8.248580433290848557e-01 1.251419566456883070e-01
2.792183442555272177e-01 -2.292183441871769034e-01
3.109493144888245131e-01 -2.109493145697516892e-01
3.426802847835523913e-01 -1.926802849195476952e-01
3.744112551417630996e-01 -1.744112552353832002e-01
4.061422255003128146e-01 -1.561422255536125958e-01
4.378731957970307120e-01 -1.378731959100313043e-01
4.696041660861622891e-01 -1.196041662734071004e-01
5.013351363992151200e-01 -1.013351366255996061e-01
5.330661066792662384e-01 -8.306610699938218878e-02
5.647970770095841475e-01 -6.479707734681339204e-02
5.965280473545568896e-01 -4.652804768839652327e-02
6.282590176419140526e-01 -2.825901806574114897e-02
6.599899880742533531e-01 -9.989988362201940308e-03
6.917209583903226600e-01 8.279041271805218094e-03
7.234519288300003126e-01 2.654807097439070007e-02
7.551828991792699508e-01 4.481710062233427994e-02
7.869138694728712302e-01 6.308613023563772182e-02
8.186448399058258163e-01 8.135515992658386153e-02
8.503758103479760466e-01 9.962418962023510127e-02
3.140559164446155016e-01 -2.640559163803551934e-01
3.452691197241491983e-01 -2.452691197965158054e-01
3.764823230700882206e-01 -2.264823231757729094e-01
4.076955264774244081e-01 -2.076955265211418988e-01
4.389087298846570118e-01 -1.889087298696386086e-01
4.701219332299191866e-01 -1.701219332585001132e-01
5.013351365583016417e-01 -1.513351366605867054e-01
5.325483399179904431e-01 -1.325483400468963902e-01
5.637615432529242687e-01 -1.137615434511712043e-01
5.949747466338186630e-01 -9.497474683084877745e-02
6.261879499994935649e-01 -7.618795022275196005e-02
6.574011533075478919e-01 -5.740115365240230222e-02
6.886143567677661670e-01 -3.861435699353236994e-02
7.198275601077320784e-01 -1.982756041010654002e-02
7.510407635771227941e-01 -1.040763751847084912e-03
7.822539669621360048e-01 1.774603285256104099e-02
8.134671702891097533e-01 3.653282941897040281e-02
8.446803737568884252e-01 5.531962606706269242e-02
8.758935772402066666e-01 7.410642272144254972e-02
3.488934886292658910e-01 -2.988934885690957000e-01
3.795889249524899145e-01 -2.795889250162961748e-01
4.102843613469772110e-01 -2.602843614223517843e-01
4.409797978008916930e-01 -2.409797977947071013e-01
4.716752342543552023e-01 -2.216752341710190033e-01
5.023706706458289650e-01 -2.023706705899900038e-01
5.330661070115230160e-01 -1.830661070288479020e-01
5.637615434157298155e-01 -1.637615434471577092e-01
5.944569798032546259e-01 -1.444569798796324911e-01
6.251524162326294043e-01 -1.251524162894606940e-01
6.558478526179754020e-01 -1.058478527306522948e-01
6.865432889458066290e-01 -8.654328921168873145e-02
7.172387254327485806e-01 -6.723872559633280177e-02
7.479341617957320221e-01 -4.793416206260844858e-02
7.786295982937769811e-01 -2.862959844761631123e-02
8.093250347134044453e-01 -9.325034885614855162e-03
8.400204710728109703e-01 9.979528634839890389e-03
8.707159075744319576e-01 2.928409224106058931e-02
9.014113440978011038e-01 4.858865585728622261e-02
3.837310608303863835e-01 -3.337310607743063096e-01
4.139087301992552814e-01 -3.139087302545016112e-01
4.440863996439836092e-01 -2.940863996890474841e-01
4.742640691461383895e-01 -2.742640690900511879e-01
5.044417386474453480e-01 -2.544417384957909922e-01
5.346194080867165965e-01 -2.346194079464581916e-01
5.647970774915560543e-01 -2.147970774239210956e-01
5.949747469417934198e-01 -1.949747468757428992e-01
6.251524163831005954e-01 -1.751524163376096122e-01
6.553300858621989855e-01 -1.553300857788317002e-01
6.855077552693780163e-01 -1.355077552714737121e-01
7.156854246191157731e-01 -1.156854248060252000e-01
7.458630941345285592e-01 -9.586309423593096513e-02
7.760407635224078060e-01 -7.604076375378682195e-02
8.062184330506614316e-01 -5.621843318361600256e-02
8.363961025062423005e-01 -3.639610266535991956e-02
8.665737718994646066e-01 -1.657377219224303103e-02
8.967514414361223984e-01 3.248558370910932958e-03
9.269291110004587164e-01 2.307088894806686927e-02
4.185686328447320026e-01 -3.685686327927419903e-01
4.482285352786957167e-01 -3.482285353253816162e-01
4.778884377924146887e-01 -3.278884378071684202e-01
5.075483403610941968e-01 -3.075483402551045797e-01
5.372082429280422566e-01 -2.872082427080694944e-01
5.668681454324453473e-01 -2.668681452077671934e-01
5.965280478935758302e-01 -2.465280477409809989e-01
6.261879504062305424e-01 -2.261879502427014965e-01
6.558478529169499138e-01 -2.058478527495903043e-01
6.855077554610168322e-01 -1.855077552374505001e-01
7.151676579057553162e-01 -1.651676577972694959e-01
7.448275602926557326e-01 -1.448275604005923867e-01
7.744874628509788028e-01 -1.244874628901991021e-01
8.041473652778867720e-01 -1.041473654737680998e-01
8.338072678497210344e-01 -8.380726796179061022e-02
8.634671703539746890e-01 -6.346717049999912874e-02
8.931270727933396936e-01 -4.312707308654765981e-02
9.227869753767372618e-01 -2.278697557816302885e-02
9.524468779930265194e-01 -2.446878051062841009e-03
4.534062048395821054e-01 -4.034062047916822102e-01
4.825483403446402808e-01 -3.825483403827654172e-01
5.116904759329798935e-01 -3.616904759174229267e-01
5.408326115736791229e-01 -3.408326114177874788e-01
5.699747472116075686e-01 -3.199747469233166219e-01
5.991168827863493362e-01 -2.991168824772514889e-01
6.282590183091205649e-01 -2.782590180715652228e-01
6.574011538891130213e-01 -2.574011536281056167e-01
6.865432894737393266e-01 -2.365432891845107022e-01
7.156854250872149992e-01 -2.156854247234495925e-01
7.448275605747656236e-01 -1.948275603556985924e-01
7.739696960039434970e-01 -1.739696960329079056e-01
8.031118316098039278e-01 -1.531118315868421897e-01
8.322539670803927869e-01 -1.322539672407762046e-01
8.613961027000294202e-01 -1.113961027912139939e-01
8.905382382568560740e-01 -9.053823838978790339e-02
9.196803737462034833e-01 -6.968037403984056466e-02
9.488225093798858811e-01 -4.882250958977069066e-02
9.779646450512874400e-01 -2.796464511588565155e-02
4.882437768495100916e-01 -4.382437768057003136e-01
5.168681454273177378e-01 -4.168681454568826106e-01
5.454925140916814241e-01 -3.954925140458140920e-01
5.741168828057829909e-01 -3.741168825999887093e-01
6.027412515160338602e-01 -3.527412511594248956e-01
6.313656201624406883e-01 -3.313656197689229810e-01
6.599899887484361738e-01 -3.099899884259207927e-01
6.886143573970374687e-01 -2.886143570385518164e-01
7.172387260565319389e-01 -2.672387256454343829e-01
7.458630947404378819e-01 -2.458630942364732896e-01
7.744874632727504205e-01 -2.244874629431020119e-01
8.031118317461326539e-01 -2.031118316961240955e-01
8.317362004010849796e-01 -1.817362003159415929e-01
8.603605689170500392e-01 -1.603605690419357133e-01
8.889849375858696057e-01 -1.389849376561693994e-01
9.176093061964452069e-01 -1.176093063162838015e-01
9.462336747370032608e-01 -9.623367503106965148e-02
9.748580434220214253e-01 -7.485804364036489911e-02
1.003482412149315106e+00 -5.348241222047545040e-02
5.230813486765650833e-01 -4.730813486368453114e-01
5.511879503366765576e-01 -4.511879503576808892e-01
5.792945520862158304e-01 -4.292945520100380219e-01
6.074011538827021051e-01 -4.074011536270050193e-01
6.355077556740679201e-01 -3.855077552491409931e-01
6.636143574007659085e-01 -3.636143569228287853e-01
6.917209590587194423e-01 -3.417209586512444108e-01
7.198275607842022916e-01 -3.198275603282380031e-01
7.479341625263763449e-01 -2.979341619934098850e-01
7.760407642884356028e-01 -2.760407636442721024e-01
8.041473658740132535e-01 -2.541473654337833010e-01
8.322539673999280740e-01 -2.322539672709472980e-01
8.603605691117811594e-01 -2.103605689644560961e-01
8.884671706809215141e-01 -1.884671707703096943e-01
9.165737724062595904e-01 -1.665737724556745070e-01
9.446803740775625569e-01 -1.446803741843085966e-01
9.727869756762160813e-01 -1.227869759707121006e-01
1.000893577419126101e+00 -1.008935776459285033e-01
1.029000179208449106e+00 -7.900017928617153462e-02
5.579189207037352771e-01 -5.079189206681056223e-01
5.855077554284320307e-01 -4.855077554408758767e-01
6.130965902456757544e-01 -4.630965901391876915e-01
6.406854251075579931e-01 -4.406854248019588804e-01
6.682742599635116409e-01 -4.182742594702664740e-01
6.958630947544584000e-01 -3.958630941921014168e-01
7.234519294690870961e-01 -3.734519289766520256e-01
7.510407642563567965e-01 -3.510407637029144268e-01
7.786295990663080202e-01 -3.286295984114723789e-01
8.062184338921803972e-01 -3.062184331078178223e-01
8.338072685181121546e-01 -2.838072679673007137e-01
8.613961030841280619e-01 -2.613961028761748184e-01
8.889849378405804137e-01 -2.389849376310730078e-01
9.165737724512361684e-01 -2.165737725051261886e-01
9.441626072216191545e-01 -1.941626072501491940e-01
9.717514419424728711e-01 -1.717514420361261063e-01
9.993402765886005845e-01 -1.493402768835254968e-01
1.026929111379103920e+00 -1.269291116143652087e-01
1.054517946220389080e+00 -1.045179463046731067e-01
5.927564927363805358e-01 -5.427564927048410537e-01
6.198275605243162012e-01 -5.198275605282003387e-01
6.468986284077605786e-01 -4.968986282709623170e-01
6.739696963336093694e-01 -4.739696959781076746e-01
7.010407642527761718e-01 -4.510407636912128204e-01
7.281118321066751831e-01 -4.281118314598982844e-01
7.551828998770350188e-01 -4.051828992996400203e-01
7.822539677249300549e-01 -3.822539670740093265e-01
8.093250356012803293e-01 -3.593250348245766168e-01
8.363961034897446911e-01 -3.363961025651833747e-01
8.634671711558326024e-01 -3.134671704944401727e-01
8.905382387618238083e-01 -2.905382384748972924e-01
9.176093065624711942e-01 -2.676093062907820008e-01
9.446803742144741500e-01 -2.446803742328663989e-01
9.717514420295143562e-01 -2.217514420371599071e-01
9.988225097994204438e-01 -1.988225098799807078e-01
1.025893577492672071e+00 -1.758935777880261953e-01
1.052964645330334958e+00 -1.529646455740558131e-01
1.080035713222974980e+00 -1.300357133138209942e-01
6.275940648783530085e-01 -5.775940648509039210e-01
6.541473657237009132e-01 -5.541473657190242319e-01
6.807006666674503270e-01 -5.307006665003410895e-01
7.072539676515329221e-01 -5.072539672461288118e-01
7.338072686283235724e-01 -4.838072679984424806e-01
7.603605695397528397e-01 -4.603605688085563030e-01
7.869138703608629104e-01 -4.369138696985078174e-01
8.134671712642732588e-01 -4.134671705158742827e-01
8.400204722017863279e-01 -3.900204713032132120e-01
8.665737731478491135e-01 -3.665737720830888891e-01
8.931270738502121720e-01 -3.431270730782384759e-01
9.196803744924575419e-01 -3.196803741265588084e-01
9.462336753333916439e-01 -2.962336749995206908e-01
9.727869760231574459e-01 -2.727869760060521176e-01
9.993402768791390667e-01 -2.493402768658996016e-01
1.025893577694358960e+00 -2.258935777618263918e-01
1.052446878431233968e+00 -2.024468787270171932e-01
1.079000179312562091e+00 -1.790001795647412075e-01
1.105553480252972953e+00 -1.555534803503809960e-01
6.624316369515206304e-01 -6.124316369281612715e-01
6.884671708650574873e-01 -5.884671708518204314e-01
7.145027048793974878e-01 -5.645027046819782734e-01
7.405382389317436420e-01 -5.405382384764372272e-01
7.665737729759093400e-01 -5.165737722777097307e-01
7.926093069543646008e-01 -4.926093061387484817e-01
8.186448408357419604e-01 -4.686448400884268839e-01
8.446803748036341153e-01 -4.446803739577567249e-01
8.707159088107278011e-01 -4.207159077902862809e-01
8.967514428226315282e-01 -3.967514416176725067e-01
9.227869765702029214e-01 -3.727869756876476259e-01
9.488225102573736303e-01 -3.488225098125021240e-01
9.748580441466576652e-01 -3.248580437506045082e-01
1.000893577882151053e+00 -3.008935778295476204e-01
1.026929111786486937e+00 -2.769291117523627888e-01
1.052964645653990061e+00 -2.529646457083649103e-01
1.079000179441274021e+00 -2.290001797374875137e-01
1.105035713372638062e+00 -2.050357136332761898e-01
1.131071247366683075e+00 -1.810712474706533126e-01
6.972692091370239487e-01 -6.472692091177545404e-01
7.227869760968986812e-01 -6.227869760751013617e-01
7.483047431603916388e-01 -5.983047429326618927e-01
7.738225102602083183e-01 -5.738225097549990439e-01
7.993402773515811965e-01 -5.493402765850639025e-01
8.248580443775453963e-01 -5.248580434775096393e-01
8.503758113005945862e-01 -5.003758104683200258e-01
8.758935783147266951e-01 -4.758935773713712791e-01
9.014113453735153048e-01 -4.514113442312043256e-01
9.269291124340992560e-01 -4.269291110889413821e-01
9.524468792113123250e-01 -4.024468782181760962e-01
9.779646459284853099e-01 -3.779646454046414750e-01
1.003482412851490091e+00 -3.534824123932546192e-01
1.029000179618887012e+00 -3.290001795307863075e-01
1.054517946558106045e+00 -3.045179465030964927e-01
1.080035713464879032e+00 -2.800357135061614100e-01
1.105553480290280000e+00 -2.555534805869225101e-01
1.131071247259874069e+00 -2.310712475289702916e-01
1.156589014296141915e+00 -2.065890144066744871e-01
3.535533912648636257e-02 6.391242797207935533e-02
3.535533912506957227e-02 1.131801949661031953e-01
3.535533912365242809e-02 1.624479619691285015e-01
3.535533912223567249e-02 2.117157289717014890e-01
3.535533912081872260e-02 2.609834960126173886e-01
3.535533911940153678e-02 3.102512631184639047e-01
3.535533911798462159e-02 3.595190302033088869e-01
3.535533911656772027e-02 4.087867972767694758e-01
3.535533911515083977e-02 4.580545643101259778e-01
3.535533911373391763e-02 5.073223313945032231e-01
3.535533911231698162e-02 5.565900981922945467e-01
3.535533911089987907e-02 6.058578649275228045e-01
3.535533910948301245e-02 6.551256316560697401e-01
3.535533910806606256e-02 7.043933983683974276e-01
3.535533910664907797e-02 7.536611650780643545e-01
3.535533910523216972e-02 8.029289319238728240e-01
3.535533910381522676e-02 8.521966988847499147e-01
3.535533910239826993e-02 9.014644658277658484e-01
3.535533910098123678e-02 9.507322329433285368e-01
7.071067802899469457e-02 7.782485580476983245e-02
7.071067803893060777e-02 1.263603897364757034e-01
7.071067804886625729e-02 1.748959236814431051e-01
7.071067805880201784e-02 2.234314576328856050e-01
7.071067806873802819e-02 2.719669916235634144e-01
7.071067807867364996e-02 3.205025256648170728e-01
7.071067808860938275e-02 3.690380596999475737e-01
7.071067809854519881e-02 4.175735937205399262e-01
7.071067810848095936e-02 4.661091276994774879e-01
7.071067811841671991e-02 5.146446617236855037e-01
7.071067812835253596e-02 5.631801954984474445e-01
7.071067813828832427e-02 6.117157292146666592e-01
7.071067814822412645e-02 6.602512629298243896e-01
7.071067815815990087e-02 7.087867966209180359e-01
7.071067816809567530e-02 7.573223303062419642e-01
7.071067817803149136e-02 8.058578641203526516e-01
7.071067818796726578e-02 8.543933980385692850e-01
7.071067819790305409e-02 9.029289319336955000e-01
7.071067820783881464e-02 9.514644659956590367e-01
1.060660169513494011e-01 9.173728364522368284e-02
1.060660169709085054e-01 1.395405845142234091e-01
1.060660169904678041e-01 1.873438854006695964e-01
1.060660170100271027e-01 2.351471863003669893e-01
1.060660170295861932e-01 2.829504872402056059e-01
1.060660170491455057e-01 3.307537882167265741e-01
1.060660170687046933e-01 3.785570892016210109e-01
1.060660170882637976e-01 4.263603901689813069e-01
1.060660171078230962e-01 4.741636910932577886e-01
1.060660171273822977e-01 5.219669920572631572e-01
1.060660171469414992e-01 5.697702928080270457e-01
1.060660171665007978e-01 6.175735935042332425e-01
1.060660171860599993e-01 6.653768942048882140e-01
1.060660172056192008e-01 7.131801948739362462e-01
1.060660172251784023e-01 7.609834955342583696e-01
1.060660172447376037e-01 8.087867963162295171e-01
1.060660172642968052e-01 8.565900971916811102e-01
1.060660172838560067e-01 9.043933980390371774e-01
1.060660173034151943e-01 9.521966990476727899e-01
1.414213559494174877e-01 1.056497115154246963e-01
1.414213559747292126e-01 1.527207793193748053e-01
1.414213560000411873e-01 1.997918471449700029e-01
1.414213560253529955e-01 2.468629149905298137e-01
1.414213560506648870e-01 2.939339828772387087e-01
1.414213560759766952e-01 3.410050507872867120e-01
1.414213561012885867e-01 3.880761187199113227e-01
1.414213561266003949e-01 4.351471866322524917e-01
1.414213561519123974e-01 4.822182545002917098e-01
1.414213561772242056e-01 5.292893224028144550e-01
1.414213562025360971e-01 5.763603901274547692e-01
1.414213562278479053e-01 6.234314578015758279e-01
1.414213562531597135e-01 6.705025254856357142e-01
1.414213562784716050e-01 7.175735931309352722e-01
1.414213563037834132e-01 7.646446607647930938e-01
1.414213563290953046e-01 8.117157285134716238e-01
1.414213563544071128e-01 8.587867963454283160e-01
1.414213563797188933e-01 9.058578641445971247e-01
1.414213564050308125e-01 9.529289320997281765e-01
1.767766949532902088e-01 1.195621393878636002e-01
1.767766949857896008e-01 1.659009741278464067e-01
1.767766950182891039e-01 2.122398088934666915e-01
1.767766950507884127e-01 2.585786436854827230e-01
1.767766950832878881e-01 3.049174785195379878e-01
1.767766951157871136e-01 3.512563133639193813e-01
1.767766951482866999e-01 3.975951482445673757e-01
1.767766951807860087e-01 4.439339831022092731e-01
1.767766952132855951e-01 4.902728179143223119e-01
1.767766952457849039e-01 5.366116527557511784e-01
1.767766952782842960e-01 5.829504874535910153e-01
1.767766953107837991e-01 6.292893221047813901e-01
1.767766953432831911e-01 6.756281567711612812e-01
1.767766953757826109e-01 7.219669913917984294e-01
1.767766954082820030e-01 7.683058259982999960e-01
1.767766954407813118e-01 8.146446607128793316e-01
1.767766954732807871e-01 8.609834955007413804e-01
1.767766955057802902e-01 9.073223302512154476e-01
1.767766955382797101e-01 9.536611651523553279e-01
2.121320339012346956e-01 1.334745672382484094e-01
2.121320339442646918e-01 1.790811689173361088e-01
2.121320339872946048e-01 2.246877706257683904e-01
2.121320340303244900e-01 2.702943723666659248e-01
2.121320340733547083e-01 3.159009741502962210e-01
2.121320341163847045e-01 3.615075759314910764e-01
2.121320341594147008e-01 4.071141777620506108e-01
2.121320342024448080e-01 4.527207795668287127e-01
2.121320342454746100e-01 4.983273813247636741e-01
2.121320342885049115e-01 5.439339831068438214e-01
2.121320343315347967e-01 5.895405847784839226e-01
2.121320343745647929e-01 6.351471864070995510e-01
2.121320344175947059e-01 6.807537880558354182e-01
2.121320344606248964e-01 7.263603896519370551e-01
2.121320345036548094e-01 7.719669912311520887e-01
2.121320345466849999e-01 8.175735929117098344e-01
2.121320345897149129e-01 8.631801946556825200e-01
2.121320346327449924e-01 9.087867963576783392e-01
2.121320346757749054e-01 9.543933982049876974e-01
2.474873729114439869e-01 1.473869951130881983e-01
2.474873729605293060e-01 1.922613637289904975e-01
2.474873730096142921e-01 2.371357323779831050e-01
2.474873730586996112e-01 2.820101010654729734e-01
2.474873731077847083e-01 3.268844697965160861e-01
2.474873731568698887e-01 3.717588385129376172e-01
2.474873732059550968e-01 4.166332072915531759e-01
2.474873732550403882e-01 4.615075760418836937e-01
2.474873733041257073e-01 5.063819447442925448e-01
2.474873733532106101e-01 5.512563134659987929e-01
2.474873734022957905e-01 5.961306821095914144e-01
2.474873734513808876e-01 6.410050507138638221e-01
2.474873735004662068e-01 6.858794193431911879e-01
2.474873735495513871e-01 7.307537879134085035e-01
2.474873735986365120e-01 7.756281564642536486e-01
2.474873736477218034e-01 8.205025251100396266e-01
2.474873736968067894e-01 8.653768938098218566e-01
2.474873737458921918e-01 9.102512624633769533e-01
2.474873737949772057e-01 9.551256312571576590e-01
2.828427118938985907e-01 1.612994229769602883e-01
2.828427119557497260e-01 2.054415585334211924e-01
2.828427120176009169e-01 2.495836941262936093e-01
2.828427120794517191e-01 2.937258297631941129e-01
2.828427121413025769e-01 3.378679654441322233e-01
2.828427122031534902e-01 3.820101010983742995e-01
2.828427122650046255e-01 4.261522368269083927e-01
2.828427123268554277e-01 4.702943725244619899e-01
2.828427123887062855e-01 5.144365081727879652e-01
2.828427124505574208e-01 5.585786438354214400e-01
2.828427125124082231e-01 6.027207794509852334e-01
2.828427125742590809e-01 6.468629150305457154e-01
2.828427126361101052e-01 6.910050506396384629e-01
2.828427126979609074e-01 7.351471861830963794e-01
2.828427127598118762e-01 7.792893217044997156e-01
2.828427128216630115e-01 8.234314573143104443e-01
2.828427128835139248e-01 8.675735929686869685e-01
2.828427129453647826e-01 9.117157285724579729e-01
2.828427130072158069e-01 9.558578643111712569e-01
3.181980507808738201e-01 1.752118508032143862e-01
3.181980508573771793e-01 2.186217533035824945e-01
3.181980509338805940e-01 2.620316558434581111e-01
3.181980510103841198e-01 3.054415584325916866e-01
3.181980510868875900e-01 3.488514610661108128e-01
3.181980511633908937e-01 3.922613636611713139e-01
3.181980512398944194e-01 4.356712663420899134e-01
3.181980513163981117e-01 4.790811689893401115e-01
3.181980513929015264e-01 5.224910715860293653e-01
3.181980514694048856e-01 5.659009741920945080e-01
3.181980515459085224e-01 6.093108767810497817e-01
3.181980516224117150e-01 6.527207793371331279e-01
3.181980516989155183e-01 6.961306819269660329e-01
3.181980517754188220e-01 7.395405844447924260e-01
3.181980518519225143e-01 7.829504869378842713e-01
3.181980519284258180e-01 8.263603895129191246e-01
3.181980520049292882e-01 8.697702921232741691e-01
3.181980520814328139e-01 9.131801946787206914e-01
3.181980521579361731e-01 9.565900973638274962e-01
3.535533897509590129e-01 1.891242786621266103e-01
3.535533898410507248e-01 2.318019481049513053e-01
3.535533899311419925e-01 2.744796175902767810e-01
3.535533900212334824e-01 3.171572871299114249e-01
3.535533901113250277e-01 3.598349567142654082e-01
3.535533902014161844e-01 4.025126262488316065e-01
3.535533902915076188e-01 4.451902958804128119e-01
3.535533903815992196e-01 4.878679654757682171e-01
3.535533904716907094e-01 5.305456350193240578e-01
3.535533905617820882e-01 5.732233045675044769e-01
3.535533906518736891e-01 6.159009741275716099e-01
3.535533907419649013e-01 6.585786436578362490e-01
3.535533908320562801e-01 7.012563132259319598e-01
3.535533909221477145e-01 7.439339827159214824e-01
3.535533910122394263e-01 7.866116521786219451e-01
3.535533911023305831e-01 8.292893217169912123e-01
3.535533911924221839e-01 8.719669912817460400e-01
3.535533912825136182e-01 9.146446607874839652e-01
3.535533913726051081e-01 9.573223304177249648e-01
3.889087289461847785e-01 2.030367066095860040e-01
3.889087290231783012e-01 2.449821429809234119e-01
3.889087291001717128e-01 2.869275793987143275e-01
3.889087291771651245e-01 3.288730158767473877e-01
3.889087292541584806e-01 3.708184524008805161e-01
3.889087293311522808e-01 4.127638888653927807e-01
3.889087294081455815e-01 4.547093254387279959e-01
3.889087294851392151e-01 4.966547619744712261e-01
3.889087295621325158e-01 5.386001984583326241e-01
3.889087296391259274e-01 5.805456349433091301e-01
3.889087297161195056e-01 6.224910714692682978e-01
3.889087297931130838e-01 6.644365079694923848e-01
3.889087298701063844e-01 7.063819445125518737e-01
3.889087299471000181e-01 7.483273809727430947e-01
3.889087300240934852e-01 7.902728174042759068e-01
3.889087301010870079e-01 8.322182539064558737e-01
3.889087301780803085e-01 8.741636904274560083e-01
3.889087302550737202e-01 9.161091268865888537e-01
3.889087303320674094e-01 9.580545634662538390e-01
4.242640680880472859e-01 2.169491345360003987e-01
4.242640681547510950e-01 2.581623378386708190e-01
4.242640682214551817e-01 2.993755411914834075e-01
4.242640682881593794e-01 3.405887446101324989e-01
4.242640683548635216e-01 3.818019480760879159e-01
4.242640684215674973e-01 4.230151514728618944e-01
4.242640684882715840e-01 4.642283549896976114e-01
4.242640685549758928e-01 5.054415584675451267e-01
4.242640686216798129e-01 5.466547618933621511e-01
4.242640686883841217e-01 5.878679653168049635e-01
4.242640687550882084e-01 6.290811688092046161e-01
4.242640688217921840e-01 6.702943722797112258e-01
4.242640688884963263e-01 7.115075757977631365e-01
4.242640689552005240e-01 7.527207792282956111e-01
4.242640690219047217e-01 7.939339826287661328e-01
4.242640690886085864e-01 8.351471860948921355e-01
4.242640691553126731e-01 8.763603895724225712e-01
4.242640692220169818e-01 9.175735929852687489e-01
4.242640692887211795e-01 9.587867965146411597e-01
4.596194073131499858e-01 2.308615624951237122e-01
4.596194073664388036e-01 2.713425327269052834e-01
4.596194074197281210e-01 3.118235030125011131e-01
4.596194074730168833e-01 3.523044733694338793e-01
4.596194075263062007e-01 3.927854437749497829e-01
4.596194075795952960e-01 4.332664141022444237e-01
4.596194076328842804e-01 4.737473845605141842e-01
4.596194076861733757e-01 5.142283549786152985e-01
4.596194077394621935e-01 5.547093253447175076e-01
4.596194077927515109e-01 5.951902957052231935e-01
4.596194078460403842e-01 6.356712661617811566e-01
4.596194078993294796e-01 6.761522366003117623e-01
4.596194079526185750e-01 7.166332070910446106e-01
4.596194080059075038e-01 7.571141774899673438e-01
4.596194080591965991e-01 7.975951478576345233e-01
4.596194081124856945e-01 8.380761182862417336e-01
4.596194081657746233e-01 8.785570887192315492e-01
4.596194082190637187e-01 9.190380590850029119e-01
4.596194082723529806e-01 9.595190295635038780e-01
4.949747464485769743e-01 2.447739904189132898e-01
4.949747464811870001e-01 2.845227275796228250e-01
4.949747465137975810e-01 3.242714647979729192e-01
4.949747465464081064e-01 3.640202020932384874e-01
4.949747465790189094e-01 4.037689394386073105e-01
4.949747466116293237e-01 4.435176766974043838e-01
4.949747466442399046e-01 4.832664140979380241e-01
4.949747466768499859e-01 5.230151514575089866e-01
4.949747467094605113e-01 5.627638887654646815e-01
4.949747467420709812e-01 6.025126260650375265e-01
4.949747467746816176e-01 6.422613634870544264e-01
4.949747468072920875e-01 6.820101008951019450e-01
4.949747468399026129e-01 7.217588383601303281e-01
4.949747468725130828e-01 7.615075757295876047e-01
4.949747469051233861e-01 8.012563130669773104e-01
4.949747469377341891e-01 8.410050504610392386e-01
4.949747469703444924e-01 8.807537878530279363e-01
4.949747470029550733e-01 9.205025251757152915e-01
4.949747470355654877e-01 9.602512626077185365e-01
5.303300856646926409e-01 2.586864183744075896e-01
5.303300856811651309e-01 2.977029224647351757e-01
5.303300856976380651e-01 3.367194266161938065e-01
5.303300857141112212e-01 3.757359308497353889e-01
5.303300857305837113e-01 4.147524351346534854e-01
5.303300857470572005e-01 4.537689393248520164e-01
5.303300857635299126e-01 4.927854436669065197e-01
5.303300857800022916e-01 5.318019479671026728e-01
5.303300857964754478e-01 5.708184522159294172e-01
5.303300858129483819e-01 6.098349564535354705e-01
5.303300858294213160e-01 6.488514608387828675e-01
5.303300858458940281e-01 6.878679652138237621e-01
5.303300858623671843e-01 7.268844696502535507e-01
5.303300858788400074e-01 7.659009739873947620e-01
5.303300858953130525e-01 8.049174782915483606e-01
5.303300859117856536e-01 8.439339826480651841e-01
5.303300859282588098e-01 8.829504869961301017e-01
5.303300859447315219e-01 9.219669912727752603e-01
5.303300859612046780e-01 9.609834956552137930e-01
5.656854247540067382e-01 2.725988462799591172e-01
5.656854247638694044e-01 3.108831173067496123e-01
5.656854247737315156e-01 3.491673883976207926e-01
5.656854247835936267e-01 3.874516595751251735e-01
5.656854247934558488e-01 4.257359308048261903e-01
5.656854248033181820e-01 4.640202019316547188e-01
5.656854248131804042e-01 5.023044732196105810e-01
5.656854248230425153e-01 5.405887444645037787e-01
5.656854248329046264e-01 5.788730156579293684e-01
5.656854248427669596e-01 6.171572868370384102e-01
5.656854248526290707e-01 6.554415581875848718e-01
5.656854248624910708e-01 6.937258295311853340e-01
5.656854248723537371e-01 7.320101009400086234e-01
5.656854248822155151e-01 7.702943722456601083e-01
5.656854248920779593e-01 8.085786435170913000e-01
5.656854249019401815e-01 8.468629148363275849e-01
5.656854249118024036e-01 8.851471861406041697e-01
5.656854249216645147e-01 9.234314573710987739e-01
5.656854249315268479e-01 9.617157287035514868e-01
6.010407638156728405e-01 2.865112741745848846e-01
6.010407638267709629e-01 3.240633121420034013e-01
6.010407638378689743e-01 3.616153501759807876e-01
6.010407638489664306e-01 3.991673883005928958e-01
6.010407638600643310e-01 4.367194264778395119e-01
6.010407638711621203e-01 4.742714645441247767e-01
6.010407638822599097e-01 5.118235027800305259e-01
6.010407638933576990e-01 5.493755409714302651e-01
6.010407639044553774e-01 5.869275791109890283e-01
6.010407639155531667e-01 6.244796172329483142e-01
6.010407639266510671e-01 6.620316555488091614e-01
6.010407639377487454e-01 6.995836938605527466e-01
6.010407639488463127e-01 7.371357322408466084e-01
6.010407639599441021e-01 7.746877705139899595e-01
6.010407639710422245e-01 8.122398087514360876e-01
6.010407639821400139e-01 8.497918470319522077e-01
6.010407639932376922e-01 8.873438852909391050e-01
6.010407640043355926e-01 9.248959234736094936e-01
6.010407640154331599e-01 9.624479617541583654e-01
6.363961029922914348e-01 3.004237021143980058e-01
6.363961029933250524e-01 3.372435070165195059e-01
6.363961029943585590e-01 3.740633119879985258e-01
6.363961029953918436e-01 4.108831170543593148e-01
6.363961029964253502e-01 4.477029221742016007e-01
6.363961029974583017e-01 4.845227271758527077e-01
6.363961029984919193e-01 5.213425323556304392e-01
6.363961029995256480e-01 5.581623374900136492e-01
6.363961030005589325e-01 5.949821425727022106e-01
6.363961030015923281e-01 6.318019476351111052e-01
6.363961030026259458e-01 6.686217529133483550e-01
6.363961030036593414e-01 7.054415581906571253e-01
6.363961030046925149e-01 7.422613635401315024e-01
6.363961030057261326e-01 7.790811687791752149e-01
6.363961030067595281e-01 8.159009739815924478e-01
6.363961030077931458e-01 8.527207792229600791e-01
6.363961030088262083e-01 8.895405844369624893e-01
6.363961030098597149e-01 9.263603895727325899e-01
6.363961030108931105e-01 9.631801948028497762e-01
6.717514421402017710e-01 3.143361300428684779e-01
6.717514421431813876e-01 3.504237018854317043e-01
6.717514421461611152e-01 3.865112737995082259e-01
6.717514421491410648e-01 4.225988458119925850e-01
6.717514421521203483e-01 4.586864178782494861e-01
6.717514421551001869e-01 4.947739898189779106e-01
6.717514421580799144e-01 5.308615619453885826e-01
6.717514421610594200e-01 5.669491340251040512e-01
6.717514421640391475e-01 6.030367060528242229e-01
6.717514421670185421e-01 6.391242780572234938e-01
6.717514421699982696e-01 6.752118502978745607e-01
6.717514421729779972e-01 7.112994225401813031e-01
6.717514421759577248e-01 7.473869948575903033e-01
6.717514421789374524e-01 7.834745670610201440e-01
6.717514421819168469e-01 8.195621392264786920e-01
6.717514421848963524e-01 8.556497114264159931e-01
6.717514421878763020e-01 8.917372835929203712e-01
6.717514421908561406e-01 9.278248556789312484e-01
6.717514421938355351e-01 9.639124278553413694e-01
