0 6 139 81
81 139 140 80
80 140 141 79
79 141 142 78
78 142 143 77
77 143 144 76
76 144 145 75
75 145 146 74
74 146 147 73
73 147 148 72
72 148 149 71
71 149 150 70
70 150 151 69
69 151 152 68
68 152 153 67
67 153 154 66
66 154 155 65
65 155 156 64
64 156 157 63
63 157 62 3
6 7 158 139
139 158 159 140
140 159 160 141
141 160 161 142
142 161 162 143
143 162 163 144
144 163 164 145
145 164 165 146
146 165 166 147
147 166 167 148
148 167 168 149
149 168 169 150
150 169 170 151
151 170 171 152
152 171 172 153
153 172 173 154
154 173 174 155
155 174 175 156
156 175 176 157
157 176 61 62
7 8 177 158
158 177 178 159
159 178 179 160
160 179 180 161
161 180 181 162
162 181 182 163
163 182 183 164
164 183 184 165
165 184 185 166
166 185 186 167
167 186 187 168
168 187 188 169
169 188 189 170
170 189 190 171
171 190 191 172
172 191 192 173
173 192 193 174
174 193 194 175
175 194 195 176
176 195 60 61
8 9 196 177
177 196 197 178
178 197 198 179
179 198 199 180
180 199 200 181
181 200 201 182
182 201 202 183
183 202 203 184
184 203 204 185
185 204 205 186
186 205 206 187
187 206 207 188
188 207 208 189
189 208 209 190
190 209 210 191
191 210 211 192
192 211 212 193
193 212 213 194
194 213 214 195
195 214 59 60
9 10 215 196
196 215 216 197
197 216 217 198
198 217 218 199
199 218 219 200
200 219 220 201
201 220 221 202
202 221 222 203
203 222 223 204
204 223 224 205
205 224 225 206
206 225 226 207
207 226 227 208
208 227 228 209
209 228 229 210
210 229 230 211
211 230 231 212
212 231 232 213
213 232 233 214
214 233 58 59
10 11 234 215
215 234 235 216
216 235 236 217
217 236 237 218
218 237 238 219
219 238 239 220
220 239 240 221
221 240 241 222
222 241 242 223
223 242 243 224
224 243 244 225
225 244 245 226
226 245 246 227
227 246 247 228
228 247 248 229
229 248 249 230
230 249 250 231
231 250 251 232
232 251 252 233
233 252 57 58
11 12 253 234
234 253 254 235
235 254 255 236
236 255 256 237
237 256 257 238
238 257 258 239
239 258 259 240
240 259 260 241
241 260 261 242
242 261 262 243
243 262 263 244
244 263 264 245
245 264 265 246
246 265 266 247
247 266 267 248
248 267 268 249
249 268 269 250
250 269 270 251
251 270 271 252
252 271 56 57
12 13 272 253
253 272 273 254
254 273 274 255
255 274 275 256
256 275 276 257
257 276 277 258
258 277 278 259
259 278 279 260
260 279 280 261
261 280 281 262
262 281 282 263
263 282 283 264
264 283 284 265
265 284 285 266
266 285 286 267
267 286 287 268
268 287 288 269
269 288 289 270
270 289 290 271
271 290 55 56
13 14 291 272
272 291 292 273
273 292 293 274
274 293 294 275
275 294 295 276
276 295 296 277
277 296 297 278
278 297 298 279
279 298 299 280
280 299 300 281
281 300 301 282
282 301 302 283
283 302 303 284
284 303 304 285
285 304 305 286
286 305 306 287
287 306 307 288
288 307 308 289
289 308 309 290
290 309 54 55
14 15 310 291
291 310 311 292
292 311 312 293
293 312 313 294
294 313 314 295
295 314 315 296
296 315 316 297
297 316 317 298
298 317 318 299
299 318 319 300
300 319 320 301
301 320 321 302
302 321 322 303
303 322 323 304
304 323 324 305
305 324 325 306
306 325 326 307
307 326 327 308
308 327 328 309
309 328 53 54
15 16 329 310
310 329 330 311
311 330 331 312
312 331 332 313
313 332 333 314
314 333 334 315
315 334 335 316
316 335 336 317
317 336 337 318
318 337 338 319
319 338 339 320
320 339 340 321
321 340 341 322
322 341 342 323
323 342 343 324
324 343 344 325
325 344 345 326
326 345 346 327
327 346 347 328
328 347 52 53
16 17 348 329
329 348 349 330
330 349 350 331
331 350 351 332
332 351 352 333
333 352 353 334
334 353 354 335
335 354 355 336
336 355 356 337
337 356 357 338
338 357 358 339
339 358 359 340
340 359 360 341
341 360 361 342
342 361 362 343
343 362 363 344
344 363 364 345
345 364 365 346
346 365 366 347
347 366 51 52
17 18 367 348
348 367 368 349
349 368 369 350
350 369 370 351
351 370 371 352
352 371 372 353
353 372 373 354
354 373 374 355
355 374 375 356
356 375 376 357
357 376 377 358
358 377 378 359
359 378 379 360
360 379 380 361
361 380 381 362
362 381 382 363
363 382 383 364
364 383 384 365
365 384 385 366
366 385 50 51
18 19 386 367
367 386 387 368
368 387 388 369
369 388 389 370
370 389 390 371
371 390 391 372
372 391 392 373
373 392 393 374
374 393 394 375
375 394 395 376
376 395 396 377
377 396 397 378
378 397 398 379
379 398 399 380
380 399 400 381
381 400 401 382
382 401 402 383
383 402 403 384
384 403 404 385
385 404 49 50
19 20 405 386
386 405 406 387
387 406 407 388
388 407 408 389
389 408 409 390
390 409 410 391
391 410 411 392
392 411 412 393
393 412 413 394
394 413 414 395
395 414 415 396
396 415 416 397
397 416 417 398
398 417 418 399
399 418 419 400
400 419 420 401
401 420 421 402
402 421 422 403
403 422 423 404
404 423 48 49
20 21 424 405
405 424 425 406
406 425 426 407
407 426 427 408
408 427 428 409
409 428 429 410
410 429 430 411
411 430 431 412
412 431 432 413
413 432 433 414
414 433 434 415
415 434 435 416
416 435 436 417
417 436 437 418
418 437 438 419
419 438 439 420
420 439 440 421
421 440 441 422
422 441 442 423
423 442 47 48
21 22 443 424
424 443 444 425
425 444 445 426
426 445 446 427
427 446 447 428
428 447 448 429
429 448 449 430
430 449 450 431
431 450 451 432
432 451 452 433
433 452 453 434
434 453 454 435
435 454 455 436
436 455 456 437
437 456 457 438
438 457 458 439
439 458 459 440
440 459 460 441
441 460 461 442
442 461 46 47
22 23 462 443
443 462 463 444
444 463 464 445
445 464 465 446
446 465 466 447
447 466 467 448
448 467 468 449
449 468 469 450
450 469 470 451
451 470 471 452
452 471 472 453
453 472 473 454
454 473 474 455
455 474 475 456
456 475 476 457
457 476 477 458
458 477 478 459
459 478 479 460
460 479 480 461
461 480 45 46
23 24 481 462
462 481 482 463
463 482 483 464
464 483 484 465
465 484 485 466
466 485 486 467
467 486 487 468
468 487 488 469
469 488 489 470
470 489 490 471
471 490 491 472
472 491 492 473
473 492 493 474
474 493 494 475
475 494 495 476
476 495 496 477
477 496 497 478
478 497 498 479
479 498 499 480
480 499 44 45
24 1 25 481
481 25 26 482
482 26 27 483
483 27 28 484
484 28 29 485
485 29 30 486
486 30 31 487
487 31 32 488
488 32 33 489
489 33 34 490
490 34 35 491
491 35 36 492
492 36 37 493
493 37 38 494
494 38 39 495
495 39 40 496
496 40 41 497
497 41 42 498
498 42 43 499
499 43 2 44
0 81 500 82
82 500 501 83
83 501 502 84
84 502 503 85
85 503 504 86
86 504 505 87
87 505 506 88
88 506 507 89
89 507 508 90
90 508 509 91
91 509 510 92
92 510 511 93
93 511 512 94
94 512 513 95
95 513 514 96
96 514 515 97
97 515 516 98
98 516 517 99
99 517 518 100
100 518 101 5
81 80 519 500
500 519 520 501
501 520 521 502
502 521 522 503
503 522 523 504
504 523 524 505
505 524 525 506
506 525 526 507
507 526 527 508
508 527 528 509
509 528 529 510
510 529 530 511
511 530 531 512
512 531 532 513
513 532 533 514
514 533 534 515
515 534 535 516
516 535 536 517
517 536 537 518
518 537 102 101
80 79 538 519
519 538 539 520
520 539 540 521
521 540 541 522
522 541 542 523
523 542 543 524
524 543 544 525
525 544 545 526
526 545 546 527
527 546 547 528
528 547 548 529
529 548 549 530
530 549 550 531
531 550 551 532
532 551 552 533
533 552 553 534
534 553 554 535
535 554 555 536
536 555 556 537
537 556 103 102
79 78 557 538
538 557 558 539
539 558 559 540
540 559 560 541
541 560 561 542
542 561 562 543
543 562 563 544
544 563 564 545
545 564 565 546
546 565 566 547
547 566 567 548
548 567 568 549
549 568 569 550
550 569 570 551
551 570 571 552
552 571 572 553
553 572 573 554
554 573 574 555
555 574 575 556
556 575 104 103
78 77 576 557
557 576 577 558
558 577 578 559
559 578 579 560
560 579 580 561
561 580 581 562
562 581 582 563
563 582 583 564
564 583 584 565
565 584 585 566
566 585 586 567
567 586 587 568
568 587 588 569
569 588 589 570
570 589 590 571
571 590 591 572
572 591 592 573
573 592 593 574
574 593 594 575
575 594 105 104
77 76 595 576
576 595 596 577
577 596 597 578
578 597 598 579
579 598 599 580
580 599 600 581
581 600 601 582
582 601 602 583
583 602 603 584
584 603 604 585
585 604 605 586
586 605 606 587
587 606 607 588
588 607 608 589
589 608 609 590
590 609 610 591
591 610 611 592
592 611 612 593
593 612 613 594
594 613 106 105
76 75 614 595
595 614 615 596
596 615 616 597
597 616 617 598
598 617 618 599
599 618 619 600
600 619 620 601
601 620 621 602
602 621 622 603
603 622 623 604
604 623 624 605
605 624 625 606
606 625 626 607
607 626 627 608
608 627 628 609
609 628 629 610
610 629 630 611
611 630 631 612
612 631 632 613
613 632 107 106
75 74 633 614
614 633 634 615
615 634 635 616
616 635 636 617
617 636 637 618
618 637 638 619
619 638 639 620
620 639 640 621
621 640 641 622
622 641 642 623
623 642 643 624
624 643 644 625
625 644 645 626
626 645 646 627
627 646 647 628
628 647 648 629
629 648 649 630
630 649 650 631
631 650 651 632
632 651 108 107
74 73 652 633
633 652 653 634
634 653 654 635
635 654 655 636
636 655 656 637
637 656 657 638
638 657 658 639
639 658 659 640
640 659 660 641
641 660 661 642
642 661 662 643
643 662 663 644
644 663 664 645
645 664 665 646
646 665 666 647
647 666 667 648
648 667 668 649
649 668 669 650
650 669 670 651
651 670 109 108
73 72 671 652
652 671 672 653
653 672 673 654
654 673 674 655
655 674 675 656
656 675 676 657
657 676 677 658
658 677 678 659
659 678 679 660
660 679 680 661
661 680 681 662
662 681 682 663
663 682 683 664
664 683 684 665
665 684 685 666
666 685 686 667
667 686 687 668
668 687 688 669
669 688 689 670
670 689 110 109
72 71 690 671
671 690 691 672
672 691 692 673
673 692 693 674
674 693 694 675
675 694 695 676
676 695 696 677
677 696 697 678
678 697 698 679
679 698 699 680
680 699 700 681
681 700 701 682
682 701 702 683
683 702 703 684
684 703 704 685
685 704 705 686
686 705 706 687
687 706 707 688
688 707 708 689
689 708 111 110
71 70 709 690
690 709 710 691
691 710 711 692
692 711 712 693
693 712 713 694
694 713 714 695
695 714 715 696
696 715 716 697
697 716 717 698
698 717 718 699
699 718 719 700
700 719 720 701
701 720 721 702
702 721 722 703
703 722 723 704
704 723 724 705
705 724 725 706
706 725 726 707
707 726 727 708
708 727 112 111
70 69 728 709
709 728 729 710
710 729 730 711
711 730 731 712
712 731 732 713
713 732 733 714
714 733 734 715
715 734 735 716
716 735 736 717
717 736 737 718
718 737 738 719
719 738 739 720
720 739 740 721
721 740 741 722
722 741 742 723
723 742 743 724
724 743 744 725
725 744 745 726
726 745 746 727
727 746 113 112
69 68 747 728
728 747 748 729
729 748 749 730
730 749 750 731
731 750 751 732
732 751 752 733
733 752 753 734
734 753 754 735
735 754 755 736
736 755 756 737
737 756 757 738
738 757 758 739
739 758 759 740
740 759 760 741
741 760 761 742
742 761 762 743
743 762 763 744
744 763 764 745
745 764 765 746
746 765 114 113
68 67 766 747
747 766 767 748
748 767 768 749
749 768 769 750
750 769 770 751
751 770 771 752
752 771 772 753
753 772 773 754
754 773 774 755
755 774 775 756
756 775 776 757
757 776 777 758
758 777 778 759
759 778 779 760
760 779 780 761
761 780 781 762
762 781 782 763
763 782 783 764
764 783 784 765
765 784 115 114
67 66 785 766
766 785 786 767
767 786 787 768
768 787 788 769
769 788 789 770
770 789 790 771
771 790 791 772
772 791 792 773
773 792 793 774
774 793 794 775
775 794 795 776
776 795 796 777
777 796 797 778
778 797 798 779
779 798 799 780
780 799 800 781
781 800 801 782
782 801 802 783
783 802 803 784
784 803 116 115
66 65 804 785
785 804 805 786
786 805 806 787
787 806 807 788
788 807 808 789
789 808 809 790
790 809 810 791
791 810 811 792
792 811 812 793
793 812 813 794
794 813 814 795
795 814 815 796
796 815 816 797
797 816 817 798
798 817 818 799
799 818 819 800
800 819 820 801
801 820 821 802
802 821 822 803
803 822 117 116
65 64 823 804
804 823 824 805
805 824 825 806
806 825 826 807
807 826 827 808
808 827 828 809
809 828 829 810
810 829 830 811
811 830 831 812
812 831 832 813
813 832 833 814
814 833 834 815
815 834 835 816
816 835 836 817
817 836 837 818
818 837 838 819
819 838 839 820
820 839 840 821
821 840 841 822
822 841 118 117
64 63 842 823
823 842 843 824
824 843 844 825
825 844 845 826
826 845 846 827
827 846 847 828
828 847 848 829
829 848 849 830
830 849 850 831
831 850 851 832
832 851 852 833
833 852 853 834
834 853 854 835
835 854 855 836
836 855 856 837
837 856 857 838
838 857 858 839
839 858 859 840
840 859 860 841
841 860 119 118
63 3 138 842
842 138 137 843
843 137 136 844
844 136 135 845
845 135 134 846
846 134 133 847
847 133 132 848
848 132 131 849
849 131 130 850
850 130 129 851
851 129 128 852
852 128 127 853
853 127 126 854
854 126 125 855
855 125 124 856
856 124 123 857
857 123 122 858
858 122 121 859
859 121 120 860
860 120 4 119
